document_id,views_pred_lgb,depth_pred_lgb,frp_pred_lgb
625570d29a7947459c7acc93XkveA8ZbSzSicHau77ACCw,16843.923320702084,1.0699194983010403,26.36342450708428
628739f19a794736121a1c99l_zSucwxQcyjgDHINdDo3w,11247.266943735265,1.060374204106861,31.325853054117907
620e11b59a79476e455eeb0c6A00W1nlSfm5WFSIYE0AmQ,1904.538405660261,1.1271848190562102,17.54954138582589
624b4cac9a794711af381fcdbwAOnts3SwuCkdLnNYM5wQ,64913.58263246355,1.1579139676794148,17.272960766316015
6256a28e9a79472b686d53bbvBihppocR3atwuQSoFBdEQ,7077.345763365411,1.0671842139162715,40.23788031453742
620cfcc49a7947102bdc3a8abApTFTTBSpet6SYhmoUGfA,8762.791471279124,1.1759118432658622,34.051886147571125
623fcd6d9a79476d62a6cac9bEzgj3ArR3q_xr7XBjsyUg,115504.33258185204,1.2024006775424199,42.21418655805504
624c053e9a794748be8f12d5oCy1OhzSTry308cvU0NyrQ,5724.3199297926585,1.1715258099929293,40.68034710421893
624ac7ea9a7947df5a051d60pZAY74FCQBqtKdwThKvKGA,37627.505640545634,1.1724612643115049,40.36199112868094
625c43909a7947608bded0bbX3LrGh0dQWy2A8bcBfzu5g,5723.556926480517,1.0523010489772802,50.90013997025511
62039e349a7947ebd953e084VkVadKQySUSpU02Re7ovmg,207500.2167403236,1.1194153282677564,30.587338933850056
62050f4f9a79477481df4c14hlyp7NvWRnKRkLp1iZooLA,9220.969155448085,1.1432402806394963,27.360124884043326
61fa8edc9a794704ffb1ec62KukwR9IdRQS-6YUiPqXBfg,24799.740496497878,1.1651825152271265,29.380618960636266
623c4b4f9a7947388503804aM2Db1z6NSNuhqO8hK_iz7A,107068.05074807248,1.1277433364952918,38.40088261282457
627bfcf19a7947be0b861c0fGTEEU4DRTi-RmFwQGKoabg,3197.8129571366094,1.068726412911334,38.60065236877626
61fa89379a79470231ce3ea0oEDxLt43Ra2oDDCiXmIQuw,14730.924710684034,1.1646063581143562,37.55642253129099
628c9bb49a79473487f09e6f_2Bg5cF0SQefcCdUBtzp0g,7908.640411664913,1.0677982537933288,39.93328871217495
624ad03e9a7947e3097acc85GIQmogRiSSaY3eR-i0ylDw,13991.733472748178,1.1654533779910137,41.3659891565602
6245d6229a7947f9512228fbwW93b80rTbGtbi0d_FGAeQ,20341.268814994066,1.1379610161524647,36.085962549905
620667269a79476fccffdb15O4VCcB6ORtqH0xC20CbzeA,12933.151970682138,1.1759067571475668,35.46118448862041
625f707c9a7947668740f0e8IOhUQr5oSyiVGUdypF634g,5100.028905610696,1.0577012139859414,44.28827026216602
628cb0339a7947402ac4d4d2dGP2ttrMT22sSfh4eTB3Bg,14100.549366282914,1.0602340870342553,30.413589796254286
620f4ff49a794760fa489303V_KQkXMDQIWwxZOihcP1dg,18011.888684526984,1.1341432763762371,30.821429816217623
624ff5b89a79472622ee10ebWZnDH2aeSxC9BuDDAlKD_A,12265.64282234761,1.1258114898127678,34.27077141554571
624c619f9a7947757b557e63--Gw2xeSSLew3P-cYpuWjw,16089.999757123358,1.1557730341830967,38.690513811552115
623cd4ed9a79471972b3de139blByFdzTm-LTIo5WfKTrw,32749.793564215142,1.1212954106756339,32.97335872761272
61ff513b9a794701fbfb5af9NpfXAUaCRv6ue1Fm3QEU1g,75791.12357551209,1.156422511783507,32.09690607021128
62540a769a7947bf8864352eK7pzYW40T6yE8BC9v4neCw,7793.141137709863,1.0561132993460385,24.411466374175586
62626b609a7947f0370b337dSiQdV6WtQ4SIyb-a7eWdHw,10000.099160593943,1.0559055043962304,33.274201745278276
620b5c679a794758f8a36a433fS2nBZKSVOA43d1_cw1NQ,13384.507515095735,1.1673358103835076,26.853197945774056
6241794e9a7947dcbb560d63-zEYsVrPSQuC-bROoTMdnw,98738.84967372761,1.10369228836327,30.802498856009702
6285d9da9a7947b6911d5a20SbR4FMQDRnupDhdnOtTmUQ,18131.514403682308,1.0556003905995357,24.714092527695815
620db2e29a794749d69f03e5aeX5r0rJTCm52MFSZQUG_w,10509.130117788445,1.1348991636643844,39.72314666403333
627f97b79a79475f6a7ff604VMsDqbXBR96MdPAdl7yKDA,14094.770115302816,1.0512975205858648,29.162315143743317
623c4cbf9a794738fda7cc61-wX17AA5TkyFbXNtj8CFxw,44433.17996170922,1.1270315252826495,30.710291993008173
6259a4b79a79474b12c2e358lMM3m9-4TRu9pMqkIhEV0w,5798.361484807583,1.055865985797884,43.4774082264434
62080d1d9a7947e610df78f5WhnSt6c6Rte6OxMzObqRdg,11933.795627849833,1.2006086427599683,41.60807623529129
625cae349a794776b239fcaaGl8jr3U_QeC5QtzN3BuU-A,3406.845660315701,1.0689955825803865,44.12602959435838
625873e99a7947daed92d7ce1gNL8e4WTWOksajbisAM5g,32588.19464063537,1.0431398769965678,37.51050488901243
62368bb89a79476355e434d8SDIQXPm1TE6z4rVvCPtERg,2755.1422889600813,1.2151516081820544,39.594057058570094
626ac8329a79479b8f75b498u3d_g9J5THea9Xn_TZkgow,4774.720717800703,1.0522898750997651,42.532332751330586
6290d2309a79473e9109f9c0fmzADLr8TcGYgh_sTUopHw,20968.584628618562,1.0543326618185622,32.149696113610446
6275165e9a7947806734e7603Pmwk_ooSGOmKK6U8Ss4UQ,8940.770002027375,1.0611751533213485,28.554256706899235
61fbb1399a794765988b712dMfrZsSBERcGgYNo7D6cItg,25887.279751020724,1.1239481920073504,31.472804025978498
620f4dd09a794760d527fc06IQ15chUQRh-IXTNimWUuQQ,17285.63227038971,1.2393327534762675,51.666073697184814
6242a09b9a79473f5b7232daB2OQ2qHnQs699fY3ZurSxw,54104.467822758284,1.1400385077684592,29.239403060431666
6200e1da9a7947744c5dd008q0hcuqXzT0SHbn7udKdjog,13307.593781549214,1.1468057471481212,40.96801933494807
62760d5b9a7947c33d79ae712vgDP_VATUulb_qTexWP6g,4929.889246833284,1.0534339071056729,39.77801490559714
620b5eb59a79475a77eb7b5a-IbA3n75RWuKVZumWiRylw,12303.541346734643,1.1815767332355531,39.76089856086705
6238332c9a794746b3384ad90tPXqm7fSmGB_WovBXRbmQ,19648.51689290654,1.1432877319141805,36.56870475014678
61ffe91d9a79472bd0fc066d_-nI7icjRoGN4DB_T5P9BQ,19029.49087849476,1.1439449142175324,20.62408169099622
627486b09a7947434d6ea706cPJN4gLnRA6J1YY_bH2LMA,4276.039347632488,1.0495968429994165,42.07616552175571
62846f499a79473c076bbc8166nEEqv8SQykz_QNFjd0oQ,6669.289165482769,1.0650051559911824,38.48225333781842
624756b99a794700f10389ea3bmsLGMCRhmp9fM3SzgoHg,30729.49994363842,1.1874944746493252,40.46829306457071
628f819a9a7947c6e46f008aLZU1cBXZTOaEaz00W_F4VA,7239.396160144993,1.0626372339547103,32.79479918065603
62010beb9a794701e8b1f699HbsxVDacQ1GGfgn2QVzG5w,8643.060436776717,1.1644608226272233,43.05454750894648
625bff239a7947511e3ec6628vHkX5k5SkCEnSYZf0oH8A,19269.23119545359,1.0467734603759262,29.18273546667105
625e6b969a7947098fd62e80qelIqGX1T46hFAW47p9vTQ,6783.628229603639,1.0545875074098006,26.39298183575151
6203d4189a794706b02764ffnjBJrmaITDSvrye2YyGXpg,20545.96655758564,1.1329977812110938,23.99062507341122
625e95779a79471fcda6dd3fcXb3qP1bRSe7i1jjLqXYmA,5656.014373761351,1.0563627573093621,35.37413733450279
620cc0729a7947e6692fc843jXSBro6PR2yqRoESoQRLmw,19658.403590787606,1.1503483308883793,31.977879936745566
62065c969a79476b41d3733bHcnpWbp1RIGOTERJ06IeMA,12222.10552887951,1.162576198029119,41.307723379962574
61fd0ece9a794765205053a894w9-E9aQKuxKLxY-eR8IA,36627.84815423654,1.1233722914623008,28.74516362107682
621a39ba9a79472784f029d4iNC4oc9fRN6GDas8e-kuCQ,567507.4490010592,1.2342940883255065,24.008747943767343
627297799a79472aa5a4dd16fMmFOSj6R9mZrOFb6FnYmA,15588.787556879453,1.0533661311732274,25.451025036139367
628213de9a7947f78df77836TNdj2LdQTKOYZ6EDgFnHOA,5545.02471277094,1.065241164341326,13.712324225408386
6245b93e9a7947e8b08c20c7uKrJ3fOsTleR-7dHI9grCw,51794.46350376749,1.1496440408637247,32.985203050676425
62384e0e9a7947531353bc140tPXqm7fSmGB_WovBXRbmQ,57595.578216821275,1.123227134416913,34.982026326739174
6253d30c9a7947a2f42810c7Kk0ha4mnRwqUBm9YUU8mkg,10843.221377486425,1.0732934284687872,30.988631796048278
628c7a909a7947259c006020BYqM9uBESeObwgeKTUSnNw,4687.526772955028,1.0673695023871799,47.105832722345724
626161019a79479ff43acdb1uoGojsZwSXewhu9wpJ5QLw,10016.675517363246,1.0572555472192022,27.604906202635362
620f925a9a79478701c6abb7NAK1Sos_TnaqidVQieX2pg,8504.980334116359,1.140370333977125,24.58152616999098
628219cd9a7947f9c16bbaffpWZZcIjEQi6wzoa6gb3Zqg,7502.242328085686,1.0500327569760446,33.26352839341834
6243a35e9a7947233d17b959SxzX5r0aSM-AWd-yUBWMSw,142134.71822279933,1.1251590476220155,40.7944621148764
628e3afb9a79475302f53604xkJSyHkiQfG1SW6NVmBS4w,4487.16140968767,1.0582433179510302,35.46047321186182
627caf669a7947e9e1054ce0x9YL4pjbQcimD9V_M20ijA,7042.357430372771,1.06289920802599,36.03171956902
623aa2019a79471a2f8c83d9lLHrQhkFQw2MMYgU2X48pA,65426.79387737764,1.1388457559058853,30.063845684123162
61fa47ef9a7947dbbd5a0ca764kieGQjTUOBVJ7BEpSwug,66164.8959885355,1.1267661843042605,25.6467092050273
62431c439a7947815ae9301dEXELbCZARXqMsO7phHCm8g,173007.86075692766,1.1446813135361735,38.519021719190185
620dbdc49a79474b9d65f923F8XUsB9ZRtKdyjvffKGXVg,10263.929668206576,1.1617039908942628,29.226562845604022
6200f71d9a79477de4d87185vGhSVhpFT1iy6VZ0oq-oew,30697.50543699078,1.1300243048346204,27.667718577174494
6239cd7d9a7947deae25eaa4N_-9oLUjR8KPLJCIzjRSIg,25440.692394276306,1.126516419962066,41.28394974752684
6255e1279a7947739cfd562fGaYiZ4fwQjqsqezE3Npvqg,6533.135221841168,1.061779807570159,41.29371681144831
620288309a79478ec3e4a24dk9L_THySQk6klPmSUYmS3Q,51011.34563277142,1.1328622926127534,36.821304996327804
628f52f59a7947abb90ca7297BnHGJGxQnSsb4FdavdEag,3905.4811338293875,1.0754307976038904,38.54751778069619
628e185e9a79473e695c029f1huNNUh3TsOxgIUSTiAX2Q,5824.22396619993,1.058792354577545,30.091264467267813
620f573e9a7947649c261c296mMX4qI4TWeS63DKhSkTxA,13942.661295317515,1.194155076577761,42.938807399621155
6237e7959a79472a902d4ae070iRsJ0cQ2muf7CTJhYcWw,39940.90715290232,1.1366209263335265,45.9851476770225
6245688c9a7947bf86d9eec0poT3n1EjSumMd6x5J6afOw,364385.57998573326,1.1009066057689902,25.54127941529294
62451c8a9a7947a47400bfdaR24hvf-jTayo4TT9o3bSgA,109426.31855689282,1.1470140053444777,34.16416964570517
62383e579a79474bcaebe3010tPXqm7fSmGB_WovBXRbmQ,138555.66257484688,1.0951376941438602,25.599798851797527
6277aa189a7947200a4d98569J5OaN0vQOqt_lDlNqogmg,3093.723917933696,1.0623895111010386,47.604390763545666
61fb6c1b9a79474418fca8e7JhzPpDt1TBCEvJfrBhMuzw,13174.479189490297,1.1315001805556433,24.056268597548026
61fa536c9a7947e105b621d5BGAxkfuuRU6pkG-JfwTYZw,26150.61175955615,1.1334963772773934,29.86216213579216
62587c3f9a7947dd94352159tTCiO2qPSPGYTDAZjBq2dQ,93185.39287878558,1.0769859167422864,37.70173534196753
626e0d2d9a794707ca05006eTv-Rbbv_Qj-3vE2FplIKiA,29802.688728825113,1.0515484934364816,25.271350670774645
626f28729a79474575723602LxS-tQliTYaHd2Lb1A9_bw,4455.923839876723,1.0613892850596245,43.70108301148509
6279323b9a79477df101200bQNcyGKPTT4yHx9KhZA0etQ,11363.495978157503,1.0451243336780403,27.20217592920199
620d4d769a794734587b6eb7-KnHLDOSTICfnjsk9jrlRg,12529.769273771924,1.15101411095558,27.08193290408035
62407fd19a7947958394711cKeE7gzxaS6y1NW7grxXJpQ,338293.1719004119,1.1012912892505933,17.07179878565732
62059a609a79471f953a7da5fD9tBX5_QK2JQW5qz6n8vA,76607.90650804722,1.1655837033022962,36.385373786084074
61fa59039a7947e436a90c0f1GskIYqfSUW_fRqEh5wOzw,26518.612950646584,1.1703848128134315,35.233359381390365
61fc78759a794726d43c33e7Pq4DbKjqRx6UsIKh4NlUFQ,23852.561191841636,1.1482542192560896,30.039552253373483
626574739a7947307ecc6c2ednnV6kAaQeKmzYujSTrlFA,5696.01226219827,1.062547747175466,41.1908012120208
622e2ada9a79471d2c4de0b6Qc5leGRRTO2feOAlfm5BwA,16306.230880387033,1.0765533771680458,51.01887363165775
624913479a7947654fd1f541w2PNRrjgT3edfSvnQSaNPw,15684.760873670337,1.143622514201741,35.56130548218234
627951439a7947813ace1872IC3_S-xtQHO-HfsMJWdp0g,7468.71930635919,1.0483630611794186,26.897185420090135
628b5a8a9a7947c882f652485EBKf-gyTxq4pBtSK5CkEQ,17841.876131766156,1.0530473478538815,39.08065487961397
62404b599a7947890cf5692eaLNrrdQdS7mPHB8pGFCKEg,114876.43372715845,1.156566313351405,41.33878574430651
627a8d9b9a7947458b107c17KnmKREbBS3uQgNSeFQ-UEg,13832.58042221353,1.0564785174775064,28.36647695479735
6274f0a39a79476d6a19bb1aIA02IjKZQKuovjJ4Lty9fA,8656.227973097699,1.0469701332812773,31.709035687311207
6280d3739a7947a4408c5a84doNDhb3PR32-fSkpg85Jhg,10694.28352572394,1.059648801633654,24.53621259193389
626266449a7947ec6587e2b63oKkvDtyR7-Q6NaVRLD3wg,14865.9480721882,1.0728752978538532,35.52589700722273
627b48be9a79476d87dc5874VY2W-4dhRzKDVzxczsHP9A,15786.89607398928,1.0645721698275872,34.974100251634916
626d2ad59a79475a23c877cb5KP_YN9IS6a4QJUaqk8xrA,5429.908287591113,1.0484683174673937,39.86143439172676
624ec2459a7947b80e066924FKYARW7gSqyVinXU5cm_3w,35744.54214895784,1.151284872631569,41.54348153003762
62623acd9a7947da0ca081acQhqgRqUKRVaCIk80pDyXtg,3910.372453016528,1.0680494049332943,47.61197741211982
62438c2a9a79472053104942_fycodpsTJqFhd6gQmBfRw,30375.173393006862,1.1422146494700187,56.24118923307207
626d70269a79476d6d97d06de4ZylvjWTZaoXMl4XWOnBg,3509.355563892269,1.0522505549779517,33.705192099311674
620bde639a7947a31f8123aekAEcqzRtT2afrWTzj61m_A,5876.255145801294,1.1687110298916144,44.402961598917194
624b33779a79470cf18d9aa6ybrOQEQDT-O0eSXthLw49w,12551.410917809493,1.1566995610777613,34.6731656255782
627c3f909a7947cdcba5dc87N7EoBWwYQPK_WqFcUecG_g,4065.6539993440297,1.0616918185435718,43.764578294254875
624e93f99a7947a22e12d0d37tYLpgMbT3yvK5sv0e_65Q,22161.734292644607,1.1832534985822931,35.698534149456215
623b613e9a79477483a24497NbRgBnl0SYWtGuMGnRmzBg,60053.59806001791,1.1370797165131121,37.375712138948295
623861789a79475baaae3ec2Bh7v62K5RAuMKjs3TBK7qQ,29226.275644528298,1.1491988370170665,25.568398903484013
625271819a79474dbebad37abwaAPK-PSZWRhNmVNFXvtQ,7076.177303922486,1.0827033941002753,46.21106663243696
625d660e9a7947bc4a852ce9tSk156OVSRyiPTOZlWbh0w,5675.591456685206,1.0606602215168317,37.38885393214886
62522ee29a7947401f1f1262xqZYKvMKTzWxqPR8YtqYmQ,7376.411872426667,1.0801940449494252,39.34392926134646
620261ed9a79477a7d708262AHNoNR2tSXyMuAZlXlSHbQ,13127.422340761663,1.1764547971608545,45.040838289396
6246d3119a7947521eee4f18u39VTDJrTWeuvaYA1cLbPA,47327.33546673287,1.1490485718903587,34.54914558985198
62486d049a7947428cac5e65mqUzkHE9QLyFKfWw8hJM4A,15301.47399136659,1.1539841915530151,36.9723172949329
62679b879a7947e6ca7986a2XEqzp0fYT_Kn1T6TQBo3MA,6470.375033693168,1.0487409003019186,21.022008467138193
6262ccbe9a79471b3f4577a4CavjXN1eRIuleAqAsyWLbw,22191.15119248096,1.0532424495788872,30.621775124307206
61f401bf9a79478e78ad4472Rdef1ssvQ2q5ubblYRm0CA,37120.57290444137,1.180565946864703,19.48554704360235
6262a4fd9a79470c6707acadzV2FNTPaRryMlzjYQ0NjXA,10187.932419773051,1.0524379244623905,28.174942287101334
627571b49a7947a26161fe234PUcLGHTTY-zZxHL1QRQvw,2733.7525266525104,1.061978569086953,40.2159759835279
627bbfba9a7947a6980c3e66aY0cAKU3Sgi54E2F4zRNag,12621.92356935979,1.0664093823513157,13.98122541699749
6273c6e19a7947068c95c295IQpqgnFLTleF66IhpezisQ,5440.567415864,1.054147415237288,26.406685757997547
628cb5fc9a7947437b974a5dy1RcBhYNS1O-z3fPHxEJrw,8930.199732769275,1.0583772212395632,25.851318170682532
623c05d69a794716dbb8c697psScatKHRBmbuv1iFfBInw,128418.6595442754,1.121221492814946,35.146029362998554
6240485a9a7947879a34c09dv4vHRz1pS42_1c4tKSIuGQ,57501.60651741729,1.1329265982224335,43.52235528429674
627b7b099a794783e9fe11a6VcuZJuUvQEm65Jn-nWEhOA,8870.067627665692,1.0659173446976056,30.470563128083096
625aedd29a79471391d76703PYPm37fyRFSlEM9cLDnegw,23875.563543828182,1.041048411221385,32.311622162191654
620b580f9a794757c11519eb2tv_SWTHRUOstPQIAtLiPg,23805.85672407831,1.139744206642435,29.415621510284698
623c51b19a79473b1095de16LjjdYcI-Ru2VdJuRGEpSlw,75132.65883857469,1.122338004753127,34.39747125026745
61fd8a9a9a79479a0bcd6ebaYQIN092tTo6hL645mr28ng,29220.27747263903,1.1582484944904292,35.0575136333231
6204fb3b9a79476726f66eecSPG_955zReuyyckAMITfCg,35570.90314419579,1.2190346826583063,56.78758804513255
6254474f9a7947e56d478f23L0gNzXVwS-qqaKvAVAIlNQ,13555.542966193643,1.0577479702163366,31.544627943229102
6272d18e9a79473d61122e24ZogRMbU-R5WvYIE-EUsHIQ,4024.2246166235627,1.0493793931076698,23.252021063812446
620a1f359a79476989fc8550Tny1BbtxS7WFwi2oFoaOdg,22623.488114351243,1.1484677727680592,29.035420272767574
62898efb9a79475239698dbb0LCAc4N6RU2VF9gpQOn1ZA,22740.243608512443,1.0653946956007148,30.916336843601485
6250ea289a794778ac45bb4eyr2egk9aS8metJvjW19dFw,5320.507344318629,1.064218091676341,46.594308358000184
628b905e9a7947e3c4525782xiCxHYZ6RAKYFXcsjL4jJA,6560.962327375659,1.0625682222018054,30.044767207170153
620620269a79474931c15a13_3S5BDrPThiBHaKOdkWQ-g,10746.47825547056,1.222834408926126,55.05588720600294
5afd8e7f9a794772862de1999CcTdZJLSse1zK3n1ax20w,6574.477100841461,1.054295901651212,34.9352870264764
625e4db49a7947fcf4ce6a1cXEqzp0fYT_Kn1T6TQBo3MA,15666.383017600918,1.0438205907718927,19.02883113584513
62457fc39a7947c9f2af9b2cMYsiJ7xfSv2qMcfTD3CGdA,49370.63655761886,1.4011502006907672,55.913822818949434
6205046f9a79476b58a3f285-W26LLj2QDGOM6BZ88Gx0w,42195.90138831252,1.1532793278375693,38.730254714578244
61ff6d839a79470b3daddd7bnDxQAfN9QfihTyziNjgpgQ,11671.377755839902,1.207854908100379,44.05244166951298
6201442f9a79471cd2dd7606fDx5rB5sQC-1YieBbXBguA,44823.298290719875,1.125852223989534,12.882588888241953
6256bc4f9a794739838ac0a46L6m1atDTZK3Nbi4OfYPmA,7173.950750920032,1.0647543925658183,34.03812265183954
6286b4879a7947118970042e3AjpiyoAQZKmXnOO_YQjxw,5482.63595409524,1.0597913705446314,46.21419445728329
625523169a7947233777e15eD-4yoaLvT4WX1qTeOatcEw,7242.950573765913,1.1162397441680172,57.989301981265356
6279d2389a794719921b02ccUKB2eCTbS8W5550lzsXiQw,25052.306544636092,1.0598118951265574,35.50647712846792
628784f69a7947599a743473raaoSmGpQOigiDb1z5VkpQ,4248.800597402018,1.0697595857705322,37.039388996155054
626437559a794774964e9443Qj5W56fgQRqDeVXGBVm5Wg,10741.542025716912,1.0527310644731058,33.938123070951264
6200d5339a79476c63afde6bHcV2r3OnQAO1NA8EhD8m4Q,29996.735655610242,1.1369098860859912,25.501662607278035
623bb03a9a794703ed34fd63mf7f1HZZRxCWGip9wlIV2w,147099.54722611915,1.1365052358772625,42.578854482982074
61fcdddd9a794748338b12ccUSZyxEDURzCoQC3G2eZYoA,40569.03381992691,1.1362523051401006,32.95867486515158
62035af79a7947c7d32f4d6fbvL6gWxoTYymAnMe8uuikQ,28804.695613365046,1.1320861534510407,23.38166266610818
62611de49a79477a60d9d09duCdekZCYSfCEFCrG9GKkjg,8034.917948930676,1.0540948485516028,21.910939099049934
6205d7de9a79472d9039caffCHKg-IkxSPyCD4o0GwKwlw,15787.581111246027,1.1569236898482487,46.56961027231834
626293c69a794702e9eaf3b8wf16_Nq9QkiqlHN3-du5LA,14600.100852482105,1.056634719286896,33.91944843215243
628dc78f9a794714baf34460F64jPgx0TEiN8rmmWmWU2g,21975.844661117702,1.0544754913518,26.60149800913642
62534cda9a79477eb1889cd2LjTuSohVT4qsmnzR0Q3Qtw,7242.618262512392,1.0698101624105265,45.35764915517368
61f9b0869a7947b24cfdaa65BGqE5tfuTxeanLvshi8hGw,37776.551374318486,1.1373693026386629,28.10247004273096
620258ad9a794776e74095b7fyCjvDbHT_GjuY-oZ71tFg,12013.518907905345,1.1707148307767694,41.40306525500615
620e0e5b9a79476b122a629fZ_dPiFiaSLCrUL7YZ_C9bA,22353.491885503285,1.124289746124074,25.15970256820429
6259a55a9a79474b500bf36ev5CfBp6jSv2RDcin3Nm5LQ,18090.136343457307,1.0451520690000107,28.585273778170286
6257164c9a79475f7ac37640GEhFTF8iRfScyqoMDkdE3g,9905.783061573744,1.063270424657761,40.520539160162876
62364a869a79475352f365adGssnNIjIRESLRgV-JXLfjA,5822.537307501062,1.1823912172465205,50.664842269186344
626688579a7947848441c1desjFMtwyYTROSuUpyfDXZcQ,5029.771395571134,1.0594401483577476,34.47365415901939
6254d10e9a79470a1307a6a8C3KzmpLTQmiivEhsbIsatA,23125.17871247963,1.0613345979289128,33.729948520101175
624b05bf9a7947fb18045d27g4-QO3g3Q5mgt7ZyJ3BFgg,9484.229405702894,1.1532246060609994,37.25109867795983
627e28909a7947796ada0dfcJDWTLBTDSkuz6LTQhHtG1A,6760.382339031778,1.061675084229655,39.25782552856767
61fbd40c9a794777e99a80308IFDqdVLQN6rTQOeL5gJkQ,11964.800748351825,1.288468534881518,55.06776686642542
625034ad9a7947475042152bTZO_pW4XTY6zuYctMHgAXg,25239.318935860687,1.0777572778216693,18.834940286221727
628edf479a79477f54f2f434UzGvcnT-SECxR5cfOu-NYg,2331.51473496113,1.0582333671644328,28.421772662311312
624482c49a79477cbad75c8daACdKvSPRN-XND3md9utnw,45827.459237676536,1.1310210658021136,45.46717997932315
626799459a7947e5e5ba4422iF_u699oTZKbOWncCU_How,20280.908745218763,1.0385849119222932,26.26967547229395
627aa3fc9a79474ab40ce6b3bIK4l-NERKG2Txt5ZYhR6w,4953.520718716894,1.0660224710826876,32.46910883188147
6272a63a9a7947317de3ea94a4w3WaHuRVKaq8_c5nEY6w,6626.427327357922,1.0563272296234236,32.341208298405085
62500da39a794732437f407c1MslobSXT0-9gOrNAftl0A,16306.105920707405,1.1207283429802757,39.978903343559516
625e376f9a7947f54c1204d3meNFFVuGQMK6QcOfoaGhXQ,7956.650157076169,1.0610304740886887,41.09658849894582
624be8649a79473c904bfaf8p5-3AV36St6ZAqO_r67umw,53703.465643882664,1.1402836533766998,24.58020809564706
623e216f9a79470b5a323f89bwS0LQl0QVC9t7WT0I7DCQ,230108.590361139,1.1212342313980388,34.708552882910766
6269eb029a79473dfee2ce70fZ4BcjhiTYSwVtKYee9hWg,4112.115770215326,1.044981470747548,36.65349466243115
620111229a794704f9d2cebao2JAaQEpQiuOm3xrp6Z4hg,7917.998932087137,1.2468723229946836,57.57235953186077
620662e39a79476def111924AM6L3b67QveW7bf4kmmnDw,18820.71181112794,1.1457840098600418,34.29480634110457
625bd7a69a794746e1665975ofIEjAoFRkiu2l4zr1oXag,11143.323588419022,1.058023385068922,47.70425619651512
627cf09c9a79470a617cab29S54kGOf1RF6MthSv7DnJkA,14316.948651770297,1.0557870763148598,34.32273017653388
620b5e789a79475aca8d678dwWvyRnu0SVuV6iaqi00xZA,10800.012810278153,1.171053797330783,33.56291838334066
624963719a79477b3a21e24bKuz613nYTpSrV41fNAP2rQ,13377.857089140101,1.1740781296511036,48.67482633392516
628236e89a794706361d6bcdY-QMxFjJSeyuTwnAHHU-ug,5679.871321391615,1.0730137240073239,31.662633167059685
6268806c9a794742c136c532DBgVCfCzSsuQukuzBqrfDw,3525.1670620220034,1.0389557197970072,34.085408439087345
6276f5d99a7947fa3f951ec8inUvMP6_SAeHAt4m4s2-cQ,3767.69954059806,1.047952242522969,36.39164985843442
62651eed9a79471ea0a0e55etA6UZqmBRmqEzvStbhUYfg,6244.196926655661,1.0547222557351936,24.822377556138765
628107c79a7947b00b7f514aDjQfyQ7mS9mGLVhiRxoS9Q,3837.130556774514,1.0595798203576416,36.2087952973146
620cb2e99a7947e0bb6abeab1XaGwnmhQnyclIVqEAppjQ,54856.547281023326,1.1100589972579467,26.04742843891433
6243e8279a794732efbb286dgaD0xwB6Q1OO6z9j2HHKXQ,98600.13089481062,1.1436678695904594,37.29952754214999
624d30659a7947254c2c05a2vLDOdz7RSLC8QHaJumUgkg,94522.41178156744,1.1434101174908202,38.17650206275974
627a5c6f9a79473919928562NNfiRkZcQ5atkhebUrnu0A,26405.370112241748,1.0656199369768926,34.25168286604389
62885af89a79471121fa5c9fdRivRi_pRP685OQht77SMw,2788.7819791524103,1.0631486445664897,43.49202789440152
6286a08a9a79470e17aa48e1G76dF1eORx2Hpeo-8KaRMw,5090.852386514188,1.0534423818414422,34.22150025076075
62378ed49a7947175598c3d8x5lBgGSCS9aewY8jjvzekg,3789.185155540807,1.100863806174529,49.683955635247
626564d49a79472ed760f7fd6sUiV1rgTWiiMANlDNrUlA,13935.252239367388,1.0469214329534597,23.712741010844613
62594f4b9a794723e84353aelMM3m9-4TRu9pMqkIhEV0w,8730.622012413625,1.0623829816322525,16.181412868978448
620478349a794733357ee354YzevweVQTymfO97Ml7EeAA,30920.458809120482,1.1420393359953844,35.188028462442105
62670d9d9a7947c1c62b70c26f5fTDrNSUqK7gUDfbgG7Q,5687.602405204946,1.0479386547640164,27.46964563335447
620ddc6c9a794753ae70c7eamVTas6GaRgeU8_uC3tV5Cg,14423.771215484741,1.1272751973308677,34.37868744616566
620bb1699a79478b29e905d7EpNJ5F-ST4enjkSsrnu6kA,13728.743222520205,1.1506743503139534,34.080799801090905
6252d8349a79476617e87624NtZEPGVnSRes_BYJ3ZtDkg,12834.838298374634,1.0844078598737552,39.227992462194
626101d59a79476b563355404dDsOj7KQcunwbT8M8iDzg,52557.744512295765,1.0670555974548235,35.00576955213635
628e78ed9a79476b53aacb33fJb8aQQqTViceA3lCvwQFg,5760.9672182470695,1.065845714290655,39.41425318342937
62616e299a7947a587bf004cDcxarZzhTAq17nz-GXZUlQ,4562.0278586448685,1.0580510037470954,39.63154244957491
6250866d9a794767614bb2ee2ANr0-L2SOGR4LvtFoWKuw,61922.37595901919,1.0948358817276655,27.808586164431073
62606fbc9a7947431504c287wLxryt3RSJmzVDGFPMgQkQ,20711.66278391618,1.043271849799627,23.626832880068388
627a18659a7947282e0c3fc4t4w74Y66QIqX_cSuwQEAVg,11723.787419042746,1.061369763608349,28.356020886235306
62852a3b9a79478cd4c75969c2uAavfOTYC8ClDDwnmvbg,5931.244913692072,1.0643652680649345,34.88551805146441
62611a909a794777d1986e339MfDZ4NfQ7CxbXzkKL5piQ,13049.99565639054,1.0543180091521476,39.319806138845266
6256563f9a79470851f3121cUyepqwq6Q6-tt1aFbjiA5A,8873.202357974145,1.0774311852460723,47.31789757065439
61fb74ee9a79474867234469Bo_E5DrwQvCKeiWcqqMjKA,18694.73916960168,1.1535645005679955,41.800244856712595
629106999a794753bc8ac611EBIAeX2rSJq8TflvJelPyA,19755.02137795464,1.0468741981529428,33.27157516931244
6260fe459a79476a18b14023b9DXtUn2RyKCfxv4V8vMgg,7577.799346860036,1.0572399171564033,34.774032914322135
627763829a79470e276de7a8uP7ECMYQS0OoBSo6c4LvKA,3809.4642627811054,1.062171390459949,36.955337473629946
626e3a319a7947126b535c9biy-dEyNBQk2n2gsUzdxdzg,3718.3515454172916,1.082791287290554,35.776467734130094
6273648a9a79475f497bda84bxyxhz1GS_-tpPx_3rvZ-g,5974.0799209115285,1.0589781916818828,38.510019610623274
624e8c779a79479a73dd464cOouH0b_WR6ytJGIt44NE6w,17960.81971152552,1.151465991260754,39.98791814679925
6239a3499a7947cb3419fe010SPOhsSGTN-llolSj4_vWQ,60072.05265094747,1.116744930909342,31.697856277235484
61fa99869a79470b39b3313eXIDTflVsRiW8S7lilkXgRA,8713.363997840812,1.191756484055884,23.59877290341378
6255ece59a794774a1907d3cm1OkPBlDS3qB9diRj0QqyA,4818.853172698946,1.0708807846051107,46.96809285444662
628766df9a79474b55532872ZXlZlCV5SaSpDCxLdhEmgg,101019.25689991201,1.0622133800977394,18.977292001094394
625fd3b99a79470468996c94EeL69f1nSs-aqbfZYdLGtg,11521.898489476294,1.054763409860403,23.043081176338333
627b87369a794789ba7aa70cB-IcVKM9T068kP0snQFxCg,22258.54218599517,1.0597717789740397,21.653159909645584
620169fc9a794727f653e509jNIZkO2cSUWi6IwR6Lw8lQ,8909.20066490048,1.1446082917377882,27.768583245824445
62028cd79a7947915c1a3ed35kMaP73mTdin_OCmu9Eqcg,48288.557461022785,1.113258378488542,11.881047057368185
62670b0e9a7947c13feb4ef2Q5gaPqPsSBaeLQFgtfTYAA,13572.950938545891,1.0401872815384134,33.24302127544337
62417ec59a7947df5ce8461fbTnvx_11Stqjo_s9PYSb5A,62219.02477487403,1.109678331477518,34.684710236884314
6248d4fe9a79475cba27022a9TITR6cwQHO-WZCJNeEh4A,9276.160307498187,1.1554778376573902,47.25996458859767
626ba9309a7947de40be5aa6GWTy7IdDRDWfFSWbDr7SZg,18601.766405448598,1.0464026023363762,28.97138749013684
626ac1f39a794798a4166767zCuv6_51Qg21UMP6o6cjIg,17160.321328619284,1.0404649961929888,22.865713020054994
62751e3f9a794784f97ad95aYN7Ht5TgQY-ZbhqVV0hN2g,39814.06962876436,1.0435645365486983,24.294791997699562
6261266b9a79477eb5b3be9c4oWKVBHdT0yYhNOMuADVAw,6416.658489102161,1.0547357000777164,17.646171283633283
627bd74a9a7947b196517665hwpkFw6dT3e1VoWHwi1q3Q,4132.640191253368,1.0708514900552368,34.251172605678356
620ccc379a7947f24c5ae12062BHNYaBQxuQFf7YBtqlPw,8383.66384312879,1.148815827147867,44.7737264535747
620654ac9a794767bf0cd784ChUBIMlUSe2aV4ub_fD6Vw,18561.25426785566,1.163835242013713,41.01505550605017
628caabd9a79473d98435256DybZ6zMQRwWkb7EI-_eKMQ,7070.215900370287,1.0649419309895234,34.97441629383374
61fbb76d9a79476798b28b270tv1nt5-R0i9tsIxNODLWw,11367.05175297405,1.1529415045663673,32.274062084155716
627b64e59a7947782fc93d02Sz8Vz5Q3QVqW1Bd9Qe0vug,25136.77178663772,1.0623507112837085,34.743033960654216
6238e25d9a79478d8e0cb8f7GS1NXhVaRsuCJ-sqmlyR2A,20907.006964519234,1.1582147868880652,38.347885789113626
627070f39a79478c90d17e708QhTqUYuQOyA9EcJEYHHjQ,14223.697663936266,1.0438160798630525,34.945946398351936
62038e539a7947e274d20c8cEFbhmAz1SjmMThAntk-Bag,6875.994885245973,1.1317681626866771,40.15704055983676
61fda6439a7947a358ab2587PVckmFE-Rzec3qbf4v2qPg,19055.27006683939,1.1355721090113677,29.716586193411935
623cc9ea9a7947178fb6258fAL-9lSRYR46n0_5tw7Bd0A,90403.43892142536,1.1252513866910023,35.17048102158334
6249af479a79478e68d160acW9ylHdJRQSuXKHxSNI-dRw,64678.94085253183,1.1462949372989053,18.14736139107564
620fade89a7947983ccf1b18pOwHEqRATdyJVuUYlT-viw,8650.992522818728,1.137976391181592,33.22496353627803
61f9735e9a79479f561ce64eHxaQk6UVQrqzF9xuDHkr4g,12121.735522865365,1.158503621610766,35.19064818847446
620417679a79471cfaacd907nwrLxoclRLq8ea4fHXf_pQ,13267.062628122074,1.1393840635312598,49.01218382807308
62557ad49a79474d6d07c306JFOjfS5OS3uFhUF0_wi9iw,48060.815711227726,1.0683332111881643,29.81095029737683
624d37fc9a794728af8ebe53yaNxRQkgQz-guNnJ6Ri8TQ,13679.215273838656,1.155796477469959,41.919642109074005
624d73e19a79474632dd16fd1E29i8zxTSGzrTLxFhcweg,42166.34141641985,1.1762748395904332,30.23362554095638
625818119a7947b45621d3e5zedYh50BT22CarSc5ffLLw,6381.339425432058,1.0641338337633397,39.95825675428217
620b4e029a79475459a242dd26ECv0UGTeqTGGvCcoJPiQ,17314.132235132474,1.166270787277149,45.19082315054929
627e47459a79470136efff5a9O5Ij7LDRSWX1E-ZMqHW7A,6815.763038846933,1.0610737272936421,34.76916169902602
628b6aa79a7947cfb2827570LZU1cBXZTOaEaz00W_F4VA,26401.968466018996,1.074718271325313,22.180629277154644
628edf6d9a79477fb9308c26-nYwmUPnS-alzbaK93DwNQ,2548.890527333193,1.060316195156817,41.89724387237064
627a06d69a7947246b1e30de59qB60duTxqyiCovwIrQ9w,5814.087780817006,1.0696861976009837,33.25230998197227
628235619a794705843de222oL2GRiQMT3mtkN_bgkL56Q,16329.555006870694,1.0805741657517152,31.504797467516998
62700f8f9a79477ad59d58403DoduQd7S8eujzXZ5XzTMg,18992.90298588324,1.058176726217409,30.714674229805905
6251e33e9a79472faa385195cL1e_kkOSzaPHByGNlaTNA,28623.22610308735,1.0941037599835035,46.40002865308417
62720ba09a7947e7d6b90d7aC4otew-fQwej8kca13TZWg,5036.480933486649,1.0679145094383513,44.20496579978014
61fcc1909a79473c4d62bd85yv17ZUGvQPiVfdrYdIaLsg,16960.58865495321,1.1472212577925127,42.62614416432949
623b94899a794783ba8a18a7IgtqJTwdSF2PY41viJurug,41544.0424177236,1.1261704118405749,54.86301040877598
620dd09c9a7947506b066d99nWVLZE8FTEW6Rrx-0eB7-g,15527.24268218188,1.1427547941607026,34.868677622405336
623720e39a794782d149b233GkOx6xelSWmnF0MhraVN5g,21723.635625431285,1.1113490928744807,33.31084701470034
627b3dc19a79476bd55ee7969u0INDpoTYaF1ZaIGLYu1Q,5532.308426712917,1.0679963686924372,45.11676353164653
6253e7aa9a7947ac18d43bedotZWgFffRFyf3USU5ZYfHA,24638.26149342703,1.0630886603180263,29.697175559789013
62410b7e9a7947b6be451324S8Ci3SBmSIKLceMtqfC2WQ,58858.09221205503,1.171575890454491,45.411799281124615
628659d79a7947f75c0a6207-g-pTJ1ZRWyoKDbGniYF3Q,6465.706296156055,1.058449127898947,36.65745778636383
620fe9f59a7947b1cf58222f2XRjXJ3MR0qlf6Jx-rIRbg,80064.59236698097,1.1262755094675438,28.38406361570489
623757299a79470b68e0736bqkPlGr-qQwO9LmBRDDi76g,1024.7516526821491,1.2097375593986182,31.28227571609415
625d0aef9a79479052000c49hqZEaAdlR7aqNxStORqktA,8051.866580493429,1.0522176777830916,32.06956159453296
6282284f9a7947ffac437371-0a7IuVYQqilN_3glo9QAw,57407.78898980334,1.0789139095094,22.92841771724721
6247f5669a7947241e3db8c56HYvkgTaR2aOoWEmRehZBg,25283.80320394165,1.1170469395421063,29.961700667724717
621013989a7947c015aa789bjBIvRmf7TT-jhj29H_fmxQ,12892.287363338844,1.2251389840588633,37.1352359789579
5f8017369a794784407ebca7pO7le13jQzekzTGDqqR3cQ,57171.91129443839,1.2504384697694253,41.764358930791666
6255a6dd9a794763bf84ae13ZbMZwWEUR6mhdFpOinv6RA,19490.539557103155,1.0598256429234607,23.721135983051457
621054a69a7947cae79874164KHVO7cvT0mBoUoqMDpY3A,13989.844934833563,1.1327358018613396,31.540301699702454
625e05319a7947e842626024Ay-qBrmOS_SPXj9d7Mrukw,3928.9814066742856,1.048532542031197,40.76812036645392
6256add99a794732b86d6518p5nr1H5pThmzfHSsFwd4NA,15145.58091924103,1.059923211099125,30.749311803432725
6266c06a9a7947a202babd3fQsnXFM3NRMi-GBcdVRR3Eg,8182.052536032188,1.0487656017795783,14.46246404370438
6274b0f39a794750b0704a3ay5UmXd0vSKuMBOWWflG1IA,19340.584165151344,1.0587498643473008,27.959812736107025
61f9b8129a7947b24a48dfc4qkZE3HVMQqmA_lGbal88gQ,58309.57444557273,1.201181998134881,44.545150361312864
627e5d559a79470fb9d7242cK-JJNEGbQ-CjKov0IEgLLw,22167.513486139494,1.0554128625693098,28.08524391650311
6254cbef9a794709b55d8bcee1-FciTCSCS7cDwV5Diazg,3994.207325543832,1.080739631564081,43.492971700870505
627626ed9a7947ca8c1ae619NpQ8GXQPRw-CSxWHFMr0dg,23028.96527949343,1.058634189706812,31.273849411290627
625331829a794779ef8866468-vZWkvLQbOcfXQ_t2d49g,4917.680848713547,1.076129560031128,42.40067279001667
620e2cb99a79477c6982e346ESWveUikQgOCrc49DIlVfg,11643.056522271943,1.1479926425095508,28.515421613646286
62479c589a79471073b502e8sK3z0OwMSnag6ySB-3syug,11491.821553886339,1.202088161463433,48.162192817192555
6270ca169a7947a10f05f42fk_lmGgDCR-SPfRcH0EP2Hw,4387.687799690875,1.066354421118204,45.61980519337912
6291dea49a7947852b9db11cv9jxuEn5SFKS-OEKgTvWtw,8100.145830109228,1.0518993367541987,30.97554523256538
628767d39a79474bc021b0ce0LoDdyHWTyaoRhFKjaAwJA,4169.133338588741,1.0821932611370433,42.384902467055305
620f81019a79477bfa1414a7taEQx6uxQ1-RdszzB9_wHQ,13491.148398228883,1.1466399494880295,39.44110290281917
623e62469a794719ffd5189603nHb5YgShqrDhmZ5p4zow,39177.84695186805,1.1226168650322708,33.81801010692632
6202fbaa9a7947afd239e315tL-yEUkmSh6k1pBmTLfBOg,8262.407729564233,1.162909406973077,36.919379101558604
6266e01e9a7947ae47df8d24omdYx2WzRHqnUyhgq6mvUw,5131.92392546639,1.0561197221376386,19.395795011545182
627084c79a794795dcf7e3f8LPF_F8_zRFuwpQxSGGaovQ,3554.4950819441133,1.0544052290823527,45.25703540564289
61fa573b9a7947e2ecba3b35ILJkI2ZBRG-QauH6V5-vMg,13885.939861183444,1.2304798291653967,46.91694542454687
626113ab9a7947754d52adf6SGGQIIchSg-NQFpG8i_2aw,59510.68781822514,1.0597866944002967,18.26280786026405
627a1cad9a794728f792fa5d1fJykA4bTbiV3RJ4Enyftw,19862.436621336867,1.06572544912763,32.80428083363863
61fe33fd9a7947c10d23c64evO1lIZGVSA6bcD86zFD_GQ,47296.955834021785,1.2156903106815697,32.797388127949745
625478ce9a7947f85c394b6bXK785rHJTvG6_alwpU2adA,28103.25721445726,1.0588520879341943,21.841612235846416
620495219a7947386e3e21fcfbx-g4QxT9i8cxuzSL2O3g,11091.742926614457,1.1878325602336537,29.67729885528565
620f01e69a794749501f5aafHdt9n14oRgyshy4VoA2t3g,15151.885938360776,1.1697847376601274,42.435291488391016
62001c8c9a794739effc0446bp10CbAgQJqIPFkPvjeIqg,14242.398534830843,1.1850618623044715,32.2560849513075
6260f6039a794765d9435ad15ajINHwFQASXteGpiNiJUQ,18174.529960536587,1.0544877164353466,28.305517881492715
62745a929a794734de22820aRbDed09lRTiJ7ns13LzaNA,10268.45334744885,1.043205941192413,31.609577467790086
6245de0c9a7947038574a88c6GTTZuNtRDGotkRs4svg3Q,16550.34048001476,1.1219385777223618,37.65227802844046
62840cfb9a7947259c62e360wqsbNtRxQ3yMYd-N2cQYmg,13268.064050343915,1.0527534028794052,37.879204985566126
61fbd5259a794777e5d6f254PgzyfpNvQFSm4yq8QdcSFw,7843.007464119819,1.259360669900874,55.619340981542095
620637509a7947565f455f87Pvaqc4LUTgqD5F-2bXTSRQ,212951.18679272034,1.095791048715353,14.702517061620373
62835a629a794764932f0902bpAtVWCXQuCLGXE6R8ME9w,6947.094311481827,1.0720737228068724,39.219870358311184
625569939a794742ce65dc22hJTfCMdwT3mlZyVGt-abAg,8460.289082073732,1.0724997446550915,25.247901347871302
623dbdcc9a79476daf5857faTY3-vELBTSeqPjKvlW61rg,133134.1711276687,1.163049125094352,39.99487460888705
6277e4d49a79472eb01fe464_iHFx95TSqGrA8HdR2Oy-A,11387.014573093564,1.0570898609923756,35.01328353859996
62496dc89a79477e07d7713bRJacbX1TQsSLlA_mWMi31g,21040.2472029401,1.2204484959136814,53.08208327572719
6201c14c9a79473c88070f8eZPSIEiv2TvqIVvsLjsu9dw,7083.779934614995,1.187057273552854,38.51289567374652
623cd1649a794718f80d73b9pigobytCSACC00uJtbi0mw,85971.64392162298,1.098236811275221,36.41005224103374
624bdd149a7947332348a1a7UKVGipuDRWyssl5ZMr-iiQ,12187.073044568204,1.1777085491495085,40.374398846603604
626f76b49a79475864a07e334odOWFodQv2ttK_Wie_KgQ,6078.981690545649,1.0623363112860413,31.042117354490493
626a70369a79476d01c9c77dUMqsO_yIRZWEH9ZG_25SJQ,6426.104132201161,1.0482059003497937,21.33228064283589
627956169a794701f62a6908wvBBXBPTRtSuWl2H5tZJng,21510.38303228132,1.0458793593111062,24.819823261462183
626c5a3c9a79472168a534c4mgmxjo5nSg-ou7Fjiw8cPg,3381.354842530058,1.038279877217537,43.2886194147864
628343ff9a79475a2bace93dMMbHjj7YTCW2bzmLbRRGJg,6666.5506929999465,1.0660676888738194,34.18414600187909
624841649a794736db64dede0xTDcYwvTdObL6Xo8EGi5w,21082.919887469285,1.1454034108426225,41.24750119186543
624e6c9c9a79479403ae3680vUbYwJlCRG2IR5gpXp9jUg,14495.733705533701,1.1477256580014212,42.216644904627195
625435289a7947d896b60d8awOVdyXpLQx2FRhNk4RN-QA,6947.18157074503,1.0658600913546497,33.816190778844884
6268fa3e9a794765e16018fdi6bmQR9JRBqZGfuKBix0YQ,14788.186093031114,1.0466298808572418,26.777506637243473
627599a99a7947ad14bc86449oMs1NgNRXGQsR0JiDD1QQ,10289.419633388588,1.0414368275475545,30.016284455266856
628d189b9a794771da62a17cxkZx-UNAS1CtHpy8Kxe8SQ,3151.3348642290666,1.06243314720159,38.93075482894071
624144459a7947c26e5cf597DjyDHzbfRBu1qnBF5oqidg,27634.3512899084,1.1267969859481441,38.836632120166996
628252e79a79471533a8fc2832mK2_gsRJaUhM5fN-ynGQ,6677.472826056808,1.0731141782868825,39.82386104993585
6277f0079a7947307605b2b3TodtUnROQ0GN515yJ2dUbA,28689.190946617226,1.0478355988377168,31.882604639248115
625824899a7947b9dc192174I6BhPongSjK0HUAAYDsUcA,25748.230357591634,1.0595696096044307,30.003362929252543
626fac7c9a794765796cb00ftjD4MH2JTQOlMi7gNtNZkw,9372.717078286565,1.0606474657349203,34.883509349252655
625b9a8f9a794739b0c3e416uVGVJMS7SU6feK-oQGOTDg,7247.994029375052,1.0500984867799101,40.527336705804466
620296f69a794795d954a39foanekoNBR-OtqoYq22zkEg,30763.274957511785,1.1370936647402197,23.60769299123736
6292fabb9a794740757a44c3SlroUEl3QOmdYjckOtcLig,3809.984401096734,1.0475729779522045,27.46305579452243
621a39ba9a79472784f029d4VQGVQlWKQJOQcINYjz1U0g,108050.48085489085,1.1165222638240266,19.616056110361775
628791529a79475e92e2f2434nXr2U9QSqegrgsUaxi6Uw,64703.76749967799,1.0750154913126575,24.906262258975396
62712d5e9a7947b86685526dwFFF_LgrS4WMXXQvmDV_0Q,13881.373934326492,1.0566157542516452,22.55896687332437
626aa3049a794787a3d80f79pZFh28m0S528Tpg5EkA8CQ,4982.051279949851,1.0494663207999155,20.157893465304106
623afb3b9a794745039e6845TotsjA43QbSiPCsCToaMQg,44249.17400995665,1.1323761808762864,44.914306287187195
629002739a7947f4de8fd0e3FIFKXlFoQDyoASdgUp6IBA,4901.174566117291,1.0522276580347687,38.84241818777351
624fdbef9a79471a9976c0525CUAzs10TwWOwdg3dnyrFA,53732.4173718126,1.1397881083323713,31.595942686565884
6278a2cb9a794754ce790521JdP3a0MeS6K9K3q8zrwlyQ,5352.503507954441,1.0549589729771585,35.109774482317434
6209dfa59a7947504f35d75bKnzTZxnjROyXyMPwDACdOA,18801.523648104867,1.179551628007581,39.50341068296182
6279b33a9a794710caabe7f6ZQoT-6CgSYaVHJM9w_V1zg,9338.87005632556,1.0588489166906163,35.69919662418342
625192739a79471da289ccdaTE4LF-kXTYqdjsKnmNmNtA,7569.031869020951,1.0793372599115816,34.89242858783963
629267d59a79471e1d7d32ecHBJ3OLkqTpmpC_cADzBBsQ,11240.028597197263,1.0497494341021754,37.3306040347374
6204d19e9a794752d9eb11c7xMxkWattR_ewhI94MWFjLg,26506.862523544238,1.1205074345169181,29.75014392422038
620613e39a794742aeabcd09NsqxLkaMRtCRW85BYyHutg,12647.478579386268,1.169272885899086,28.761546220359897
623dcb509a794774af4ed39dVu9ZEA6aRXeWuFvW0_TmkQ,173726.64767890683,1.1509229239206975,42.17479114281035
6200a7ba9a79475adf733ab5Mf1osF-ySqiVYqfn8qDlWQ,13549.557742084615,1.1605572773880515,41.24824151689347
62526ae89a79474a7f8a1250OvcquTeET7K9rMBufy6v7Q,10032.902730035636,1.0840239089089974,51.72430202925733
628744c59a79473a1883fdcetk5DLF5mTwysZsgk9IYCYQ,6645.41147018079,1.073844896489659,48.03578460661909
6246dab29a79475633db69f0HoNsQRhJSWSlrdoDLtETZg,57651.40615504513,1.1521762156298037,30.188147014714946
624ef6419a7947d1a656aefeOhSrOFJsQGiO41p3_M4y5g,40454.97146102084,1.1241598752932682,14.404857154918673
6285968d9a7947a7b2c73f0cQF7pUCozTQGSFChaa9b1Ag,5277.4172411234185,1.057782384562654,44.68851952514825
620638619a79475745883785QX3ri5AGRwSO2QWZRYCWqg,19954.438637103987,1.152829278609649,13.142171257900694
6281ea2b9a7947e14d9a63e8zpJiRsAATg68bDWBIxYdAg,11047.61292575586,1.0713032380386995,43.989149290936226
62003c5c9a794744addeb96bSikfqeTdTYuIQF680_a4Gw,12510.984776977037,1.180372779485575,42.42437637704388
6205e1be9a79472f24401730TOkHE8peS4mnQfhVY6uETQ,65499.80055793283,1.1003415134033412,27.540644123243474
6254a9609a7947046db3b1cb-SVyE-y-QtqH-Ak7p1ZaiQ,12383.156226863364,1.063724613346394,43.35464029237457
61fa06eb9a7947c346c3578a1n20B78STmuBY5PpQhc1cw,12663.594717725948,1.1382891856638837,25.338060924012986
6206128e9a794741a3f732f6Hu5rGiSEQHqYgBLHKtRoXw,12311.156566873366,1.2064776170646052,49.865333937869565
620622549a794749f332be6cCJBZ-XWlTvSW4tdoNRZ3tQ,15685.492763491997,1.1554053274745164,46.433034817580584
6291ba999a79477b0c7b527dSUpGQ4tcRFuBzwI3Js_oIw,3088.282123401726,1.0611161483215457,43.25125498496423
620674d39a794777dcc57051BS5upyw4Rou76JgI_NDcLw,18696.202800999035,1.1654092103233316,41.427660977805466
627235b29a7947f9b1768e22jiuAmUAFRYKaGdhFFkVaAg,6828.783326170716,1.0654475370295093,30.281115080037523
628d2cbd9a79477722b637c6nYqgh9SoQgK7AKwiJhRcsQ,3759.408502126239,1.0623588085469704,36.7740482501591
628bc92b9a7947f8b5af0972LgPg0pTERMaHVqoe9NcXrQ,13134.663767417149,1.0513425352265604,31.603987328968856
61f986309a7947a62ffe1985Onr9TE3LSCixv-e2_WtMfQ,12783.498097636982,1.178364497045143,37.389380341617816
62772ea89a7947ff4873ab5arEuF0s0KT3mEvihcVOoA9w,5439.529737234896,1.0591362003153753,41.81100000746112
624ff7e19a7947261cc0230dQ4WH2ha1SniIPXPALLAd8Q,17855.68742611347,1.1746240614234251,39.29741547603136
62556b949a7947430282920chJTfCMdwT3mlZyVGt-abAg,20342.03142689117,1.0621374401325188,22.770984413444783
6240cebf9a7947a717a3db40TyIZwFZURjO05y8oNZNlfQ,36577.2982076066,1.1463153945276643,54.797561214966926
628935e59a794742881978287-q4a66gTiOEBZCgGyYLww,8607.04044453317,1.0602941663421783,30.741402861467623
623832ff9a794745f875a7eb0tPXqm7fSmGB_WovBXRbmQ,101955.984280976,1.121058285965999,37.81216088615024
623dfded9a7947026a609d03lk3myuD1SxG44zSH0XhooQ,101018.14054084233,1.1378300798334509,30.446123092166697
626a2c759a79474e397257acorZQtDRSSsu2kFHvBk7kAQ,8290.153969331608,1.0470127241865228,29.751899069420087
6245e8d29a7947061cbdc6b9BHEP-p0SRAKSHWytGmqVsw,30161.582533156823,1.1350064192435854,36.13398010623031
6260e7889a79475f7c31795edMTRvlA4RLOdcnQ2HZhLwg,6320.804997365374,1.0480256369514722,37.030365400639866
620ca06d9a7947d7f19f9bfeX-QMbDEvQkWltLu_236viA,19954.86345358033,1.1257827333927308,26.776513152598746
624cec739a7947125d17938axJ1WgbD9TTGpo3rYCOgxpA,46297.872214050345,1.1393035450970421,29.727381161623413
62880e719a7947043fc34b81AJ-sDkDxTiW3CsS9vENTkw,11239.12687278899,1.0620271999507054,34.884265147487625
620131f89a794713967bccdcqmb0zzG3SKi_ei_JNoIriQ,34146.4030352882,1.4358041599644495,57.184556403413744
625446c19a7947e59d465a31r9-VD60ISqugAzZMHnr6sQ,17208.530603659765,1.0664747234444925,26.9121924234808
620d2af39a7947291225127cl0knALT9TsCU4s-zVWRVrw,8046.947077238015,1.1542054232363836,32.562799202605966
623858c09a7947585a0dc8dbDI3Ur18hQQeY4FeBmUSaxw,26646.482858745654,1.1749048553863837,49.398447414881446
628e2bc29a79474991534d9d_00cVzCUSeuo3-0m-T8lvQ,18890.030579991955,1.0503690800189935,40.92550062816588
626a519a9a79475d54b15b68CVRxVOCeRaiTsh9YGy670w,24024.199068710408,1.0421166626429061,30.68289008004034
62879aa69a794763daa21b76UmmpmsvNRv2PstpVRxqC2Q,7540.491727508235,1.0622737232512716,28.308200274930364
6239cb839a7947ddddda0c30XkTUgHcjRQKys0byelhvbw,98817.84672994287,1.1135027688501205,35.86153275527876
62012a8a9a79471058f6e80aIMsYQSW_QxSUT3H8Zma4kg,18837.037224151332,1.1640087836891837,21.13162550366998
6267f3299a7947132ab513e0nwbOVsdeQ_2hrMf7FyaQ7Q,16746.086917381162,1.043790524528588,30.044216656590674
62735ba59a79475baa41d209DzH4DkAcTnWMLmlPcQNyWg,5914.776598425745,1.0631835608983409,31.560389337398806
62898dc79a79474f801b8439GLl6KomcTf-LjyE-TsOLnA,3595.7785849208763,1.0666625346693817,44.935852895541004
62027ae19a794788f9eb455cvrkDA97oRom_4wFEn1_yog,25542.42645325265,1.316192464966864,56.83273330553474
620c9ff99a7947d802fb56beajQFbEa3RZyU5qHVgVFc5w,17797.761609184203,1.1691918174890477,33.46260917130113
6240f62c9a7947b22a450e563DpsbMEpRce1ESXorYZZRA,229022.4694572055,1.1303497144404597,37.79291266686395
620a3cdd9a79477cae09d535Si7nhKW1Q9SbpmnXyoPTBg,59046.12741541452,1.157847287247758,33.417875669972396
624f59119a7947f73bf11748qVjWQzLEQ5SO2bACPmTYJw,11485.161376472961,1.1521972197637538,34.6072977088136
6280a4689a794797b7d78b638RmDcM5iSEWHTE24Qylx1Q,6440.336436399025,1.062532972494085,29.043745039420116
624c56f09a7947709b1c7948--Gw2xeSSLew3P-cYpuWjw,41252.65315589143,1.1434107292088629,35.344886426183294
620663319a79476ea1ba71965mvNnDy0QYOR7Rz1IZUUiA,42248.077112909225,1.1689894908892313,17.52017735582212
620b92109a79477743b4265dx1ebV447QBqRr8GxjkO5Bw,10418.766705902588,1.15819202885452,27.944738008291523
628ca8eb9a79473c3b0d5d4emM02Z2kBQ2GV4yOAiD6YJg,11587.559945446832,1.063968833125721,36.67652524823456
6257e75a9a794799a8e6a268HtfsLBGCSMiaTaEhNj6Fsg,8117.503087686099,1.0607869314954341,28.68960463940699
62663e5c9a794760e2855bac5EUBhDf8QMifVJOGOd7zow,5061.244211110614,1.0535741077723442,18.873507594277793
620bcc109a79479a27600ceaWCCjjieKSouk1fXmhhDcMQ,9189.374637124272,1.2525030805572697,56.032625262226915
620e05a49a794766c0f26c36rYNhHh6eSJqJAZMxAYWjZg,13325.572884661793,1.1501636558377355,32.25206831478927
623d4f449a7947368b259fa69O4Ag7UcQzS3Sd17Eqi7rQ,125291.19042907866,1.1494457698360643,39.41552193366246
625814519a7947b27f7679c2tn5h3b7ZTt6_Hq2p7B4wow,11716.394278707548,1.0511615229314917,22.060370064174876
623c53029a79473bffe9143eaaLJ2mf3QPO9Cajhg92k8w,216269.17515544462,1.0978408846669647,29.909245879821594
62900e419a7947f622fd66d9TwvxPuOTQLevGOX2giF0bA,9800.178084249448,1.0494500424665858,32.24647818995062
627ad9e79a794755d7ea3e7dsTRgsRIdSwOLn8awf410DA,1780.00232713299,1.0593508221791845,45.832272483771284
620542639a79470745d67f4acN1f6LXrTwyYrWl2HMWzgQ,41480.86207274506,1.1285013102146795,28.007408355383586
6273a5a39a79477cc4ad2ed9A29TKncyQZGMS-f8ZAUW9w,8363.403681064203,1.0615144388826252,24.549975572460465
620fd2989a7947a978508396emyvzX6oTEmgq_3bRyFn4g,13864.337817451933,1.19037626734053,40.355687432316756
626658aa9a79476d3d961584OP-47p4cRZufEV7rn6JtBw,8015.156083462518,1.0509100934037023,32.930648311101024
624d3fd89a79472b80db6e4fc7S2UmbHScuyQVPS00DwKg,31691.57046762602,1.1326377432025176,25.14791799865747
624482c49a79477cbe19568bctf3FZnwQJuvkE05vleb_w,70356.38421988684,1.1344491023665946,30.091240803633195
624ae1399a7947ea679e5f0cEMDPuW34SFaRenJXpZTtUg,70650.74846900691,1.133757936835624,21.46866841985157
624107239a7947b4fb3e7a26XKL7EC9jTPa8DN-abf7Hwg,46988.1148602829,1.1205181397846207,37.914450180002355
624b4b679a794713a49612509B8v8kASS8aGRRHNdEGvNQ,15582.103354450112,1.1841227407701584,24.620282589865305
624ec7f09a7947ba0c5302ed7HPyoc7yS5CTB3Gxkw9b4g,81000.79880701366,1.1263453157114671,18.990450979225873
624caf999a7947033b8d8e25wnUJi6_PR9yItq9NiJfmIw,29907.9419790871,1.1777185167430555,55.9371144691567
626f5c109a7947503ad83c83sc5iOoO9RJmr0jYB_R5Ysw,4067.7770986191076,1.061787029015082,38.952874906378234
620c5cf79a7947c3b6bbbf90YL4ogRkZQDa7P5I_aUWJ7A,39876.63600270195,1.15239186467665,34.689319316648856
628777b29a7947533e74b8c8DY41P1OcSQa-ds1CQjiBCA,10933.849743825489,1.0613083566033823,21.1175839834272
6253d5749a7947a36a99a9cbovc5eKOIQDOzDvdM0elf-w,64070.5401863445,1.0658852999205055,28.246823859921488
624310049a79477cb792fb70BJzW_HFfQKuQBc8PDjdHLA,32060.139996901537,1.1472816586454817,33.91027238430283
627b8ddd9a79478c5ee5c7ef7qmCKLELTPCk9FCAWg02vw,-6836.909426033516,1.083802363218218,45.45783172252561
6200a92a9a794758adda712dTJsNiBWrRvanw2aGM8VaRw,7683.443185062807,1.148077072787129,27.124700153966128
620c1c399a7947b75615da2eYO_UBYCDRmWbvdGMUQQAAQ,13406.296081820297,1.1594708921367416,31.303467920833864
6250201b9a79473b890434a2SZCqMNSkRQKygG4oofS9fw,46841.00350033651,1.1440087300988697,34.48452721632937
628b53fb9a7947c455ac40c0EkQ3GovaSyOUu6Z8cGOZ1g,9188.42125552144,1.058089212237863,23.396383594764636
626b40ab9a7947b9903676df-6ox0SZFSASVY7Vd-ihMhQ,7635.6554405198995,1.042642285431839,33.11271225913721
6082cca79a79471b74bf1edaYlQoBTIqQ7qIP9WhN40PPw,12568.733360913851,1.131225615921178,43.18543873890451
628d0b1b9a79476dd64efa0b6t811p72RjuZtfbI71TT2Q,6958.969969266164,1.0580871368055376,24.425697850532654
61fced379a79474fbf929278HbzxWPdxSn-Q8pT-R7qRWg,15428.25925870276,1.1633077693990097,40.308826020078634
62763e039a7947d0621723b0WN0orIZETaOYyirlPI9iKQ,15957.552366555488,1.0560733701081861,26.503069597195342
628543079a794793e0e461fekVddtcsgRQqumbxNEAzu6A,5166.721421690985,1.0610589906855603,35.882408257652834
6283797c9a794774dc79d51ah3RysPBqQ86SbFqKa4gSHQ,64682.695260569904,1.0645210489098247,29.229499736839976
626665779a794773d3be2832w-oObwogRLGoB43JLFLB1Q,11755.854972857323,1.0573919770822415,22.97762395286077
6263e7609a79476070b1b8d2sHxYZYm9Qqyx3I_DxgMa0w,7265.716454860072,1.0449214958529733,26.177965981118152
62696e7d9a794720b16cc527U6TuuIMeRumhCzA_mOVLGg,3466.1912992159273,1.0504791580792954,31.193289574696585
627475dc9a7947434d6ea6fahvM3zg9pQRW130cfzaOj_Q,3902.4301782121665,1.0615505571551698,46.44472145155354
6258c1569a7947ec73c90b7btTCiO2qPSPGYTDAZjBq2dQ,16441.617890589932,1.0501884011671978,35.642082158356835
620f95e29a7947890cbf16c8AWtr9X_EQfiXPR86OAlx8A,18698.279721776835,1.1704606499459602,38.39402133893704
624c908b9a794783cc0c61c99hw7TLJRQyuru1qc9PneRQ,15509.130527203544,1.1581111745980466,33.70519391189433
6240687a9a7947910b30d5fbqKCt938eTNWzMe1N45ACtQ,37455.984537021475,1.1342229916291795,48.629993552421
620d1eda9a7947244d55d8e15PkG-w9YSCuNvgaCZRF9og,18135.821516250893,1.1441054183752337,32.5913424845073
620e89ed9a79472ac9a38ea35hzCiIHdSYKQIr8WAM18bw,145424.02432830032,1.1233683559877965,24.12827429007127
620f45239a79475daf8c6269KUEhwkCiQTqvJahWDgu6qA,12606.07268661039,1.1958141861405436,49.44083893681054
61f8d5229a79474e337998c2FG2sQKA7QSul2iYatTrjHA,17832.90952400565,1.1808700254182394,40.15755804770666
627b40309a79476c6d8b1168VXRIrCb1Tqensn-QcVdmmQ,8479.059892278625,1.06185252499733,28.52204874426295
626683009a7947823aac33fdIxD7wWmvTR62YTFb50w2CA,6720.34802610957,1.0556826606219913,35.82362837860611
625711399a79475e130404e7dsbEBuA_SqaWblybD3Y-lg,24282.793793232213,1.0625680974544196,32.99327920139378
625ecee89a79473b948a33c9ezdigycTSbOPSQ6ed73pHA,4299.796305287293,1.0584642132720847,38.616775461830095
6253d6f59a7947a4e4819c4eXWVPJk6OTUOpRafSX6B9lQ,6106.062328006369,1.101092538727126,45.1718369794268
626153939a794795c294afc8cy-lkPE1RayEIiOKHQlLXA,49945.90261703972,1.0617165014322205,28.32522053236796
61fa87b69a79470023bcb006XIDTflVsRiW8S7lilkXgRA,22973.79819883496,1.1495921932655488,22.048973261792852
6284ef709a7947745d8d1adeHrV4sy2UTwWVLHd28fM39g,15391.15339286872,1.0585193639268562,32.12701511385665
626110619a794772c5113db6Jnbu0XLZSlCID6XzMudnxQ,13471.265616024602,1.049878669381903,29.156128125849293
6200e8bd9a79477639857d91NYE-w0J2Q3-IanbO0tK2Pw,12003.470002928187,1.141676817057703,38.19882916152575
6209e7139a794752d7801aa4BmSEG8VXTvic4y0-M0Yikw,9677.634096771835,1.1527729762517924,37.15009230012391
62717cf79a7947c8ea7424a2ioPVLS5MRxuM2UB244LxRA,5226.700443664396,1.05464855254146,25.268578082372688
6261a57a9a7947b8318258462ui_5VsGTkqLEUl3bi4_rQ,5139.461062925299,1.0660881871485837,40.87129240794957
629162da9a7947697e104c8a0PkS4RkfRsasn-hrTW5Rgw,6132.415137853264,1.056852405493781,28.663528006630994
623ddc2b9a79477ca7eca815HigJ-sGqTxqLBwECp5i9sA,114552.57348078664,1.158804537611684,32.06967544198921
620fa2ff9a7947928045dfaa2XRjXJ3MR0qlf6Jx-rIRbg,11217.862754380816,1.1399739241546996,21.823139838943156
624f680d9a7947fdd853d38cN1k4hnHtSDa5wJi6ToEVPw,10201.499008519602,1.1681191457237652,51.26740168739744
623876779a7947668bd7e44c3Jm4-HHVRRa4wl5s_UDnDA,53776.20413148852,1.14565620307274,31.432521825656327
62724c399a794706a7e0ffeechQlLD4UT5WypyH3QzIE5A,8505.170337144316,1.0596659091641965,31.6087602918952
6237491f9a794707ec957d308Pz5dwgrRL-CNR9QSCeIrg,16566.322194790784,1.1216048693781466,26.299027801996633
6205ad329a7947221f14adb6X1UX2QPpQzy9kdZpF7-LrA,22798.039180427844,1.1833072997737015,50.12295798972388
625038329a794748eb4295a9tSHOMKNcQSmRToI9I9vURA,8032.794076052039,1.1013094240026742,40.137804966695555
62821b7d9a7947faf379541e8cUihLGHTVeiqSEskxjtbQ,35123.60747637117,1.0797140941088272,38.36693773819485
627eee759a794739b45f280dtHoG3UwITSSHIB3tmb5H3Q,3584.647923342513,1.059847659935452,40.746225746227665
6284ba279a79475ad999c627NResx63ESGysjjjSZixa3w,11098.600597477709,1.056200088713886,35.841610651765066
623988e69a7947bcd9176947-ltu0MeZT7CZieU4JwjF7g,27988.372731341096,1.1165728245129152,30.877919332322406
62818f1b9a7947ca33ce40a1hkqY8UziT6eUtigjzZXLSA,4787.655383229648,1.0632730532872383,41.70141974170955
6207c08d9a7947d26b2fc05a00RB4V_WQVqgcrUcDFYo-g,17352.671198844233,1.156459757480453,31.72334394877172
62432f119a7947044da32a6emvEPjuEES0WkzEHN_ZvhsQ,65319.3588488725,1.1234847774875354,28.2220915368109
6271c77c9a7947d9a9c0b5b0ioPVLS5MRxuM2UB244LxRA,2887.9501794879893,1.0601836177209487,35.70435195116947
6264f2229a7947166353a7439FfPiGEkRICFvnBlLoHDgA,22443.331860386275,1.051937893440632,24.593141723681462
620bb61c9a79478e0e1c9f15VHZ-GSqBSGak-tMWYZqFrg,39703.58773312139,1.1584783916014076,35.01266689995141
6253e3d89a7947aa4f44f597XWVPJk6OTUOpRafSX6B9lQ,7875.73197816789,1.0703391142644012,34.58662663659674
625a68769a7947785b100612XoIv_20mSfyWjK4OTYDr9A,4440.714533258945,1.049732710527681,41.05754105681311
62482b319a794731d2b225a3C5xxOpscSKSvtgO9gqrvnQ,23056.976060348246,1.1813956018773177,42.7290861062359
628f37ee9a79479de0ec0140yNmiFnPyQFa9aXN-U41jew,40296.74369920519,1.0689343160878293,32.288780535107534
627c20869a7947c5aa5ed1cfjMl81qN-QKe37PLCBNclHg,2363.7576619136044,1.058659354081554,42.978134206654346
627d060e9a794715553733812YauC55bT3GIuYbKVMeFvw,7791.704517886591,1.0615036140626815,31.447585703197557
62658fc59a79473938a2e9c6DrOyerWJSz2fAqE8WxIMJQ,4683.567089992569,1.0590209038195124,32.06195308278183
624f57cb9a7947fbdbcfcfd45CUAzs10TwWOwdg3dnyrFA,16796.190852776752,1.1251308596338938,37.37707510225455
623e89d29a794722c544a8c87dNjqPNVRsy9TbvAxlOzjw,66289.95172797918,1.1174569828847256,27.00864194721671
62586a899a7947d80e84c757u1_Y5JvQRpSuRJpv8WVcog,11729.023588171205,1.04629315155629,28.413831691834964
62742d169a7947331f5f9a40hImZkvU6TKmkE64hUsmjcQ,7273.389791136416,1.0661746805329961,25.150065544928772
628dabe89a79470c4c57c2eew1SWLCKiTUucxd4_yNfXBw,5519.584355618917,1.0604949813242306,49.77146455270087
6201363c9a794715398fdde9b_iH6xMeT0SWJzGly_kAGA,19508.860429712135,1.1484919920267116,14.505916928741117
61f90f9f9a79476e05feadeeTtDQ80tLTe-zj4Kr4Gkkjw,11130.473376002852,1.1777750738558503,42.82903236053998
6268ef1a9a794760b0d52e90U7zR4iT2RKKscP2DdMUlpg,7866.39330582684,1.0521407754023215,30.168980853131046
6287b5f99a79476ff9fa232djBK7PcgGQiC_cjLqvhv24A,20927.08433403732,1.054964906115668,26.6117678870151
620de3f59a7947592254522faVHrQShHT92i8mA3lLGGFw,15592.180891292595,1.1490195411646111,32.34841042648239
625fb5099a79477a665cc5f5Fqhjvce1RZW5kZRqN-uoIA,4456.791627768324,1.0513400231161982,31.421025654200246
625872e69a7947dabefe6328g6NCkFFwR1WIXBb8ILe3AA,5629.146970257707,1.055053270820615,44.26915706526337
6262a2659a79470889d106f4D1y66FDWQ1yJoBhw3GENJg,29853.831159415186,1.0533799704036737,28.194581379192627
6271a9889a7947ce37ece4d7oDawdUWCQgqeiiahByvoRA,6321.181261308185,1.054372895647514,30.32490959168082
62013ed19a79471a8cf48384AKepbabfQ3-AdoarK3nC8Q,97667.70166989556,1.1767232638680427,26.25097206341109
6254f9f59a79471297b107705-RIIiD2T9aXSppldYOakQ,7160.924130884859,1.0862461750670034,45.36979590871179
62407ced9a794794ab4a9778811W1bWhSNGkaiPwuYb__w,49319.298458694655,1.116517147303512,39.96622405803434
62395a899a7947a9ecc93132pjpi_7HfRw2aJn1tbHRTPQ,88289.29450516422,1.1156000172305722,22.34377585799858
62496a929a79477b828e92b5H0nCDrQnTSGOoke_ZuOOdg,14148.260764637627,1.185775526860425,40.827230984962064
628009749a7947792b006884O7ieXFCeQ-WTf1QuWiQ6rw,3918.5129417301855,1.0612151353537325,35.23336968494982
625e013d9a7947eaf7faa81bJPyHmyQ4SnWN4iL8FvvrEQ,26375.1969379053,1.04751833817697,31.875542723513217
6280536f9a794785b124913d4nF01tJbSmGQSYWeUZcljA,3916.913511125255,1.059282088622872,41.60075491309908
62722b7a9a7947f4a1e55573OBIjKCE5SsOxFh36d_IwhQ,11310.418469858967,1.0643118155098017,34.84762605208
62386e7a9a794762e9ff0294Q8Qo-029SnqHClQJoj8y7w,112858.0474551019,1.11595436871704,27.39098598769829
6208bf2e9a79470acb40931ciJEu8XG3SzGTY19RKJlJAA,10426.638412975319,1.1623750816881944,39.826246566576415
628dcf9d9a794718f7eed76c-ESmnsEnRAuXdLq_ek4JGQ,3442.0141444730757,1.0972298252192323,56.50075442007067
626782549a7947dde96d88652rKZhGreS0KW_3-_PWv8_g,5544.85837744969,1.0489123510635074,22.0765375044379
625e678d9a794709273a562dLPYcBZ67QS6q31FuXH2znA,7884.94893549792,1.0587878642573239,41.38683866456866
62615ba79a79479cc039aa33lsXjK2EHQl2kHLQdSTCJEg,7865.3128627387405,1.0593370325612341,32.38693061590359
61fad77b9a79471e9ba52cf0UwarSQyZRK66u9WS2EzRhQ,33423.46728690224,1.1541216612583896,28.294229673602633
61f84caf9a79472c8676d3acuBZnXSkvSB-TF4yy56P_tg,10579.31532329214,1.179437763356808,45.78993136474574
6269f4c79a794740064f099eJPEB52bAROaGXysKKg_PAw,2990.6921590415786,1.0476027686015597,42.437725123624745
628cea819a79475e01d0092eosIW3XnnSPaHuSSfbKvWSA,6635.603616052102,1.0636667680857725,36.54745003266737
62364c449a7947535bcd876fLa4nBiKdRjq-HPcQ4-YKBg,6498.496059918183,1.2230312156325645,33.69329635610845
6277d9459a79472b78401fa4H5GieHq8R0-B_NCByRIDHA,3311.6459891969193,1.0576618734657524,41.76176313264165
61fd1c389a79476c01f9b7414FscZrgoRHqAFoc_E9LB1A,32500.67485364334,1.2463700711487946,59.249524686376475
623d95139a794757cf0144b8vddLXcYwQPmldzv_-IbsVA,23233.14315718086,1.1377634538034034,47.82718472541545
627348ea9a794757a642817fsNoNV-ZMQTeX1b98S1cv4w,7182.539641943695,1.0563082268510902,33.5804579446311
6241cae39a79470542948eb28NWpmi_STQakyEVYX8Madw,114199.1652331934,1.1160789571587137,35.987631359673905
6284061f9a7947238c36a571KPLLD1SSRoG9oWq67fHjFQ,4126.546858111518,1.0629899235991755,43.42849208996935
628065d89a794789b79a5428gzvQuH1MTtmc3TZ-MIaEHA,5152.436025081129,1.0589728055435623,39.09967279142609
627a7e989a794741ace1e4cegliEQaQfTD68k3H68pf8OA,5017.359251460545,1.0669535120079765,33.65467051123582
626c761f9a79472dc5c934d0bXNBPtJHTyGhe9i2ZyjtCw,23090.384158442168,1.0428726275439446,29.080256022282562
626b97d79a7947d5ea50e477FkYCTzmRTpaDn-ZN8820Dg,21324.87202818541,1.0561758362746647,38.96164503035199
6238837f9a79476ddf94a1487lEVxYf6QLKMrNk--oLzPw,23673.548594826454,1.163720185930378,31.711830886248972
62838f789a79477e6393be28FfQaK0xjT9C8qaU2mvstOg,28833.319676752413,1.058981963325247,30.60749941721598
620f74cb9a79477457fc9601AoVPH9j5Qla7HzQlSDLgNw,13192.2737318817,1.1532294771517435,37.33908097510603
61fd782c9a7947959bb356d5KbHCImH_QByWnyUAnCPXEg,29753.96625989602,1.12891253149563,15.667006354873038
628c091d9a7947026c5684fdYlWX7k-JS6mDmz0fEbnMCw,3399.842510374123,1.0520334123852852,40.49413552614134
620f6a229a79476fdd9b64d5ECx35LJQSV6nefbg0Hajdg,15590.18025667858,1.14534543159163,35.89902649372875
62624ebf9a7947e2b9539678c4OwYh1ASUeAga258v-JsQ,21786.6190594229,1.0662789736991733,37.341795129430125
627feb599a794771c5a4dc41TsBbpmgcRz-Ij8xAeXheYw,41125.26454370046,1.0543439520323172,35.20324368045127
6252a3889a794759db8326f2KZ9TboS-RgagK-qc65lqwQ,23363.329552277923,1.0746323972964544,30.035036911313778
6262bd839a79471495306f50jbX59a65R2iKpavzvKdigQ,5336.945856574199,1.0602207350491812,34.10282718583307
620aa6cb9a794728cfc48768xqQx55l7QbeOrAoL5oILMw,13283.516618477117,1.166608372529474,34.16557466392057
624471ea9a794775bca0df1eSBSBT-W3QpGWQ1N_gaPDFw,160990.40838433919,1.155591720857542,38.6281788103527
6250c1549a79477405f8729dlXtEMoGaRwaZfrXv0Ed3RQ,17945.679026636302,1.0551762755932934,31.479507251730027
62626c2a9a7947ef8a0eb6bb5s33NANTRIeXXu_s-veRLA,4414.431561771477,1.056572372261361,27.26882947721642
6260fbf29a7947691196cdf7syphylOAT6WpIkdvDwEeTg,5301.560787917833,1.1194199651508698,44.2116208513006
624d68009a79473f7416fe2dJ3E5xwi9STGFMVF4L_1Elw,25461.23129101611,1.1495551936258646,40.824492802347805
62014fa19a79472091d6ee222EyQ5DPkT5y4tl-YPK31zg,29698.63942339815,1.1256342133062203,37.41058846585961
620c094b9a7947af78cb0068e5B9rmX7QTuyyi2GZML4MA,5755.753510980303,1.1531817484097753,27.692799016501215
61fbd85a9a794779f54e7f66KjSH3_O6QuKD4mRC_1LE0A,15984.111563456745,1.1642336783057536,37.96040367878912
62038abb9a7947def9e283d0JhPW07apQFqry32xBAOutw,6138.907496453128,1.126822547700806,34.045452526543826
6202568e9a794775a7da37e5eTA5WG5eQmODEb1fq3JLHQ,10158.973705426519,1.1359613035651848,31.548930846712157
61fae5099a794725749df1f0uNauDaMxST2sVVzma1RPsw,12038.533910566464,1.1844831897098376,38.09325647721182
623c67af9a794747dbe028066S4kOZ2SS3WVSPzlAOX1bg,121819.354710187,1.123862127581804,35.44910575034425
628259419a794717b18c52c28HStuXspQk-BvQnhBiusfw,7962.563306183809,1.0747391432490447,32.544216945078695
627345d99a794756992620deesYQomH3SVKULgD03N8Sdw,7477.975269659264,1.0584744431206874,34.017210784765794
625c00199a79474fc4f822fbaTQbQe4ZRhePRBoBmSoBqw,19918.296957355684,1.0403579743252138,27.326101444418622
62481b239a79472ef3970430wOFIuoU2TRGIXia-8QqvDQ,33724.41993586024,1.1494309221148196,26.648714047158613
628a15569a7947702824b736RYl8QazeQV6j4r0KPQZuVw,23387.32540788345,1.0643349546459155,31.722351149277326
627ca9ad9a7947e6e5345616fuP7iVnXQ-CufOHPe8clcA,11760.198829811361,1.0545374880461793,29.419339801237616
624f899d9a7947020827ca31BEanGkpHSOm0pSyVYLuMLA,34841.57211698938,1.1531946823029409,39.199678496222724
626f870f9a79475c63283e8dNc8K_-HrT8uYhPjU5Wjapg,5498.361860818869,1.0645585766431909,34.29248647739848
625022829a79473cd689e8f9oAdg89bVQj-aEthZrGr82w,10467.440112416723,1.0563814900169017,12.367754147872045
6283239b9a79474f7c167070yf1So_a3RCaEOilTScjGIQ,7148.460053802124,1.0733860176769547,38.0717423084656
624e9ec29a7947a6fcc95ffb7tYLpgMbT3yvK5sv0e_65Q,47618.15091313917,1.1528181733545244,35.17978925361345
61f28b809a79477ff3b1845ekHaGj9ZUSx2g8m6Cl0-8YA,125072.67335863961,1.1054949290563671,11.301415777449323
624dce4c9a7947705bddbf4ejHMTW8C5SHOFKFjcxzdpkA,13843.589785735214,1.1984030786547166,37.66619664546026
6277e2df9a79472c4715d530n7tRQCbYS8KhMO0Ix7xs4A,2002.5801048932074,1.0543250416190006,25.352915589183908
6255391b9a79472ca6276739uKSGQhLmRfK1jgVwiFRCJw,9782.60872319641,1.0779124018762336,26.98153588521615
628d58f99a79478331268087Mm2g9OJJTRW0PzJzEikreg,13959.41355526521,1.0542200039249194,23.789095076089765
628c508c9a7947185d04e565ChwWD9q1Rua36iAyl5ltMA,6497.635102826562,1.0662214858893033,43.8736714874724
626e73829a7947204a7baa2fIy6yw5qJTPq-BALjM4rZtw,5370.8797104246205,1.0632615320943102,36.73777210752475
620f34839a794756cbf61548uX7-96sgQoqM5K4SIawl8w,37593.77831855313,1.1308361118724526,24.318548556244586
6200d2ed9a79476bbd824e98UVvPg_ebROW2_AU-d_yrvw,13568.52060305087,1.168136581348449,43.6366554557842
620fa39c9a794792a85dcc77Gv6LOXD8Qd64YyucoTJjMg,42302.63185098343,1.1349496720615742,29.645117901928916
625a8f6a9a79478203077cfb97YuFJ4fRUmCv1fgHNnkng,6521.6582416633455,1.0457722323850724,35.8680167125505
629228a99a7947106e8e9954_8u1fxP6RsqqVMxAfojMKw,2054.239111505801,1.0566830097350746,40.86884889313805
628d84fe9a7947015a34d863i4I6_UaUTXevcc7RnkxVCQ,4794.894351972501,1.065625115974404,45.47313391142827
625597809a79475d2e41f66eGAkg_i8HTCqMQcMRG07v_A,10861.499549903005,1.0646765699373124,32.95791983078826
626103d79a79476cbc973197BJUgf8bWSwKAGezlX9n3WA,68563.88835904273,1.0602230377642035,32.89517147641258
623dc3869a79477067801a17mz323lpTRvy3rKnZfGUQQw,335370.7864092835,1.171402956165467,37.65496977303887
6210d3ce9a7947e985f46004poaXi1FyR8y5OH9t2cca-g,90712.22692047012,1.1773463993273576,38.04288100431515
624cd9709a79470dde315cc6lmYMrErSQpG2eKc_ULpY9A,26485.452494530702,1.161142483847538,50.278144690020326
627661419a7947d8ae73c466qs1FO2boS6O7mpCPSuI2jg,4208.053316735251,1.0646641347936876,34.64983599315778
626b13709a7947b3341987595DN3UXUPRimQmv9W5tfn3A,4179.192154011009,1.0368503454011293,25.574545086910828
620bacbd9a7947891dd22e71Ydp6TvlAR32z4yAHRAGtWQ,36448.65823114629,1.2587620595682232,54.43200521355108
627c543e9a7947d3557d273cRuNDMe8dRpauddo4X0zHxw,2688.3893690629156,1.0542779257987824,37.94336470229535
62044af09a7947293ed0df58_XABJJymTB6sEQoERj4iow,8796.655000421082,1.1497608938986872,28.724372508815524
620608d79a79473c83fae2aerbEUWPP-QfG7uWOakDcwCw,16431.860557965178,1.138563255503086,33.50289930524582
625730009a79476623212d03IFov9lT6SsaGcl48MHdGFQ,15766.232614745917,1.0564022530009953,36.81423325827275
621061589a7947cd002671226eMvMw1PSOqarMiUuSKcSQ,15540.14402014,1.1496029553785747,35.63507578146587
625947b59a79471ec78272a9qV6GrZEIRemmp9aaFaZGXQ,6304.6267723651,1.0572040060552506,40.239516665997556
628f9f6c9a7947d7d83c8639jsgVCcVzQX61Jfvpk_oDEg,7207.590870393365,1.0508126782838092,21.64201652219559
626764fb9a7947d3074a34a3IFQgmnEWSEmjDJL3lnbNBg,8751.93135245239,1.04343029889355,21.353591354403996
624344189a79470cd6be8aba97zoLZ9TRZCd1Wz18-9T0w,32136.7601210463,1.1387373744415645,31.58035780426574
62681d5c9a79472689e4d0812iyyDyDRRQyyOCVESSwHcg,13785.755449727465,1.0427699913602888,27.5399959733158
624843cc9a7947381ad51bc07-WUUJQRSC6EKDddwJqw4w,25679.172751587605,1.152073212742731,26.67879541992041
6241fe869a7947196eebe230I7CQmuMcRNWZWaeEJ-iaQA,27902.001167114173,1.1295896441681912,37.141153314524225
6250d59d9a794777c8e26626haMWEkuBSXGCSSv5V40ckg,6917.654862253641,1.0605839981502798,41.91309729544764
627c1ff39a7947c5aa5ed1cdz8pfoNSNRt2c3_P3mE8-3Q,5218.7415812100335,1.0601149406354233,39.34068675175732
625923469a79470c02496816P78AZ_NjQl6LBLvaBAzuvA,19879.70726550692,1.0531899303761627,29.608021182202368
627185f19a7947c9b86c0a4086_4KOGtQdaVzjYc2X1hmg,14126.191038360483,1.0516384336297482,22.525946886059824
6246f6679a794764eb0a9dceb8j3Nb25Tr2DclgpnhiGFA,24356.7176042278,1.1793874792171184,38.68147284872374
61fae0b19a7947236ad19747eIX7_H9oRA-8sMSq9RsSug,35561.43768291774,1.1405729493844432,34.136168617641715
61fb7e139a79474b28e54d22pL261bUxT8G88VPrKomjYw,62960.66420116529,1.1576595131338974,15.441824517047092
61fd0a7a9a794763ab44439394w9-E9aQKuxKLxY-eR8IA,14819.572446490722,1.1372579584404796,34.41132723047493
609d11a69a79477cef513697FjtKTKH7S9Oxncnerr-7xA,82097.74213502179,1.049848211655658,22.610200393796056
627a60829a79473a3b243dccDgEoGupwRtmvPjSysyiQiQ,6020.823684345223,1.0673099750216226,28.276289464556807
620f61db9a79476a9418e1cf4ra_R5ozSBKW8eBTzU-fWQ,28626.186356830676,1.24251720268668,47.44377146788772
627ba15b9a79479720c7a136GhBFFSOcTtygvWuxkP68Mw,8163.5272131993115,1.07272053491565,35.083164042130164
623b400b9a79476832cb715dQyvi2JISTAKTYXSUGRRKvQ,53423.8964578642,1.1289067896147345,34.78804151098448
623ef6a29a79473dda97d2a2zS3ohiGuTrisqbKQdP_x1Q,27929.22331682755,1.142754142734953,38.55531377986761
6244946b9a794783892f2643UXntH_GIRZ-ofHqlXkIOww,90493.05114562654,1.158289328039921,37.74437138883488
62895bfd9a79474871433a4cHiZx-IDUSjuh3BP0BUwlhg,3404.2489582809926,1.0676866926789192,49.2637005330726
61fa79559a7947f8b4b0d77ddXTQ9BxlQae-8jOVUH2pXA,25930.468774729456,1.1684668328236278,32.950100238030835
621017a19a7947be9f5fc33dHJfP975FQGOWyI6BNlRsgQ,61179.22603530429,1.1535003256592216,31.539067213372135
620668809a79477083bfd074Z_9WWkgZRc-j4YgdHAjQbA,21459.576253147876,1.1503668295981866,23.531957410510664
626225d19a7947d24724419108zZtrbuQIeig0AX70nWWA,7678.478788612205,1.0603237804136891,44.09564048865177
61f85a639a79472cd476393cjbFvIj0kSSKgl1gKMMguUw,11832.233061025734,1.1496315838867543,39.52024212835939
625699f39a7947279f4dd824AWn7HKfNTcOJFTJV_tGKzA,10437.122613388436,1.0721040103531436,40.67588773382169
623c86669a79475a8c852d220PGJl0Z7R-WPMkd66zV7-A,550337.3764215405,1.131288670788546,30.530442237003495
626cefb79a7947494f982bd26thavjLHQ82TAYyAxZcoAQ,8987.791003080172,1.0487759876164133,35.06819543665461
62535e999a794785b326569drmF7RiMkSqWG_ot0Yo-CLw,24302.649648482366,1.0571594607131267,37.098602120997725
61fb54939a79473a7f26fc54TVj_Uw0GQp2T5VfE9jpLSg,58388.06039698813,1.137196275304852,29.082522458434415
627bbfe19a7947a5e3f22474UeYU_jo1QHiDq_PiD-2E3g,28984.42527542574,1.0576292937154377,21.245491639700983
626191099a7947b333e1500acdhFlb5vRxaNEuGFAIPsKw,4061.785678436144,1.057483702346244,32.23272772416149
626b241c9a7947b5378b3e36-Pq-WFFHR7empDxmsUTYJw,12543.638447307896,1.0700863293017084,26.112035401459703
623d5d1a9a794738cbf359ceyAJY4gZ8RqqY6HqusJ4GrA,143256.4883684653,1.1189321232438634,34.68450322592302
6272518b9a794709e7fa86dfcMR2zdE1SrGst1y-uakKhQ,5433.323843621867,1.0627072548959073,36.342229781144894
6273ea129a79471e5289455844L5UVUxQ06SU3IpxKDgDQ,21816.519859011154,1.0507175645973508,27.427825727324453
628830cb9a794707460b2a0ad6dCnDdWRVqUuQvxhktt_w,8032.533657226398,1.0581267737182694,36.14718790866765
6251adee9a79472469675fc08L3nfyHzQOq6TV19Sw0Quw,12757.80839668653,1.0676217508651662,38.96325394855819
6242f83b9a79476ccda48ead6dq-nJvPT-SnwOJS2-K7Mg,56632.60566190814,1.1305611613508664,35.43590261573431
62072df69a7947ab96a44e24Loyw6fprQKaUtmhIg_Q7Pw,98363.22200839971,1.1590284992502529,32.96447699567099
628cf48e9a794764a212f15fZt1h8LcWTaG2q6d7rmptIA,2398.2224092672204,1.066345668156641,42.35666104948646
6246ef669a794760c1ff690bv8dT1AEjTxm80dyE8fryCA,27935.06084354245,1.1506535521588577,28.244814587715528
624c864a9a794780c7de1742OO-MCPLYRQeAPeHs4tXU8A,28204.317337143282,1.1613271345267588,42.762017133130726
6287ba369a7947718c1bfaccZXlZlCV5SaSpDCxLdhEmgg,20698.219643038683,1.0777556135986677,19.461446323909662
628338d79a79475569a6a21bJcJM3g18Rpe0zgV5ikW_5Q,29453.982519045632,1.058392101997632,31.886892742520413
620bc3409a7947965dcf1414sBki_0BPT8aG3_GqzSzIqw,17551.068890676765,1.1759348643483327,34.75849559497124
626a41869a7947569ad53339zS6Wf4SFRI2rcsJ4ZAoWNA,5049.315114031293,1.0458601498997206,34.26331307717878
62761b4e9a7947c76e43e0ab-rVZexaQRiuuNgZ5ODMldg,14671.81516434617,1.052411331244214,31.50536562644903
627508e59a79477a239c069a4QfQsHfNR02gHXjfxnn9WQ,14322.789772607508,1.0495636426531973,31.63110316439598
625dd5a89a7947ddf9faf7fczCcK9PGMQuCwc_GF71af9w,24710.507431880065,1.0438007799619398,40.59991306192429
624785c59a79470c003e5327G9VgXvwrR3y0nExEIST-RQ,41423.01126422327,1.1356155201174254,36.87238535350985
6246adc19a79474117ad1f15IuhDM_mAS5K8_SPmHJVElg,18716.898684530548,1.1895439687988838,41.69043063049613
624fff9e9a79472af0328b96xwoX8eXdTYCjozZSUtbbFw,37198.79191674227,1.12722997028788,29.291650000753908
6273637a9a79475fe0a389c5vs8Gr0AgQIGdGInJ2zQiyg,5958.425558946554,1.0505867310265016,27.444860074705435
62487c669a79474648e90477iibStInMRuKdCTliYvIvvA,15108.169363154673,1.1662085073750081,44.649287385699274
6245a8d79a7947e02d95279eMYsiJ7xfSv2qMcfTD3CGdA,71931.90603301716,1.1565687726439706,38.18787203628827
620174469a79472aea11e4dchvq_lW0QTyKu38GUsW2j9g,4997.729454124857,1.1778204555396925,39.245208733931385
6241b8f69a7947fc8846dd1e68eFbRA9R6WC9OxexigaWQ,15695.637935938097,1.1306019841909851,36.29214887667502
61f8f5309a79475ea977932fkG5a0EV0Q9q4iTA7ohYW_g,14354.709864923854,1.1970216834555047,39.475282685941934
62825e479a79471a478d307d9l_XVTFmQv6kcIMoqp9VWg,7208.685510219019,1.0593438507030157,17.811013041726113
62093e289a79472bcd62f8e6nPsiz8fQTo2TyQN7StdBjg,5704.577991423945,1.172205660163157,38.77034932446884
626d5bb19a794767afd396df2pM1LuGoRteK4UYzBvvOdQ,3707.3412136685056,1.0530749870823364,48.524057483989765
627518769a794781b88bcb04hmeHCNeYTYe9rxoZmhRV4A,16039.724050556077,1.0575372024794518,20.217886545041736
626ffe6d9a794776fe70e25f3Kd5Znt7ThS6K0VXdIEPsg,7481.636415499286,1.0696334282765654,31.099225769178908
62474fc69a7947867f2a309dTis_6eipS1yrHAkWAAuJgA,34883.79901125166,1.1675018516720632,34.29977325719178
623b90669a794782fab0a94db_R7a3eTQnuQ3NxASECyFw,287289.33625419583,1.1029284491995854,38.60707395955609
624fd68f9a794718e2755c04ZIebQLUATRWSnc37OMbrRQ,6940.7224665327485,1.1231188616498546,38.01527424023899
620f81af9a79477c786e0957KtVJsteHStO5oditt3Uvzw,85240.58111384841,1.1061312496405633,26.74480048378146
6290d35a9a79473f553ac064Da1haoubTr6pyS-n_zA2XQ,5704.259713493451,1.0569030420092143,43.67561279208445
624988359a794782fcc339b5sdjcY3JlQFCkk76Tkyd_Vw,44159.51338128781,1.165516041227236,34.5610295286367
625f81fe9a79476a456b64f6YYWhArhCTFy0cK7iZ_F4Lw,4203.995959884651,1.0548055054910066,45.948038927770696
6251a2479a7947209432e562ItCPC6H5RgiEZsMU7gR7wQ,6052.595250816671,1.070668711665934,51.09238477068031
6236f1e09a794777e1723071cAuqT7HSQ8CrFC2_dKTRyA,3351.567020161043,1.1950360059372218,34.06606247924637
609d11a69a79477cef513697vVWysj5MRSWdi1IEFRDTxg,81321.4848667804,1.2064430720521993,23.5672671194787
627397329a794775b27e3ccdAzHIMGiNSfKyAk-ejnsUKw,11601.382638540865,1.051661755254622,25.062514696175107
61f90c4e9a79476c8091326bhB6gwF4TSTuxMQGyZ4xveg,16977.595853233186,1.220136752423318,53.0993519868702
628ab24c9a7947907af913abL5Q0OJsLS8utRFD0asKiTA,6026.361963931474,1.0648401831542806,46.54618378984855
628107719a7947af08f4a404tYQOW97BRCGstT49GGUJVQ,22862.064921376717,1.0522705887830124,25.267211124245353
620771909a7947bb5ec940b4pWAT4n7dQ_mUwYwVRYcynA,15580.279468839502,1.1958384308020855,44.45428673564736
62902fbb9a7947fcc50d5ba0ud1S868qTwe0PPZYaaxrsw,13750.26033588673,1.048376129095266,30.448828317049646
61fbca139a794770c28408960YrCSHXGT3qhE37LE7pZ0A,100010.42421378924,1.1256872695109728,27.81966495235319
6240d32a9a7947ab7dce6b74RBXIuU2nQqmAxPsF-_K0Rg,79140.374218445,1.1485463951666526,47.226536113688624
628a31459a7947784a5d06c5LZ1YiJKrQUGkwunGUzzpAw,5792.982163615677,1.066330288229981,30.68809519709952
620e1d649a794773c0e3fab9aRK06pENQ7yooMS56pK40Q,15923.977872427366,1.1311897283226333,30.21557044750389
626f87fb9a79475c94af4d15sj3Hpy3gRDSdOb0EhHCihQ,6745.977902512602,1.0632771055869972,30.719042051971062
620d7f7e9a7947400fe48589a7KR3UwiRF-Imeyp6Ksj6Q,9979.646182083805,1.1649141596660015,37.92607470420661
61fd2b419a7947752427d700TvfIwQYxQ0SLMS-HnPg8mw,39498.94111649795,1.1780203784025345,23.417182519575434
6292df6a9a794736839f1eaatnvwelXuSYCCToCx_qx5QA,5965.200802048924,1.0459240936263485,39.59180821893446
628076cc9a79478d8c0562c6AP-_fwUzTRCXqiJ0yoZqDw,4465.695398695089,1.0579925110209398,43.204282950695976
626511729a79471b13c9ffdcZO8LllkVTmyqQNRaCmWCjg,5435.241032913082,1.0505346349488442,21.25316555819741
6210c6809a7947e6c896047aeWZEBWmJS86J1jZyjWCPvA,15573.654078243957,1.1686646057838586,40.41671524683396
626d4f489a7947653932698eRRaQyXLQTPmjE2pdAiRx5w,16763.591081115304,1.0413868004235747,25.949522404511743
62597f2e9a794739fa25c74dQ1X8lj1HT3e8DRCyZ5QSpg,11533.138855670128,1.0588140755158784,20.96830934306268
6200ca5f9a794767a7e281104Q_y2WjaRruXujcDlyYLwg,11922.70983092971,1.1375167238372057,41.04030364578928
61f8fd639a79476320d4bd974Gy1Atq0QYOQZ_NTZZ1M2Q,19635.670295071326,1.168654784052401,38.72502548160461
62414ba69a7947c3c2abf454ewKC1iHnS9ietmhlfB8lgQ,70755.40789865312,1.154683437896029,41.63686354085496
6274ce509a79475ece5ea097CwuWFWojQtadieCT8on0Xw,13280.393515978747,1.0501184910334642,27.2778834958302
6273fc929a794724ba5e37aa5Pawo7pUTAuB1o4PUwqVyA,2854.021455418354,1.0668420988734724,39.178730629779324
6237b29c9a79472294f1824awzSAa63JRIOX3AyrY1lpxw,4489.755619669389,1.2052223069954349,32.578388909666494
6245c20e9a7947efd3eedd22rD0JwQFIQGKooEUzHZ-gUA,23996.4112120227,1.1611268940605197,25.881455906918486
6262d56f9a79471f59a81696lG6beFyQRfycDQpg3SNBUA,5444.647611579186,1.0637078818759067,40.54668874329498
625e5b6f9a794703fde03737BbQynXUGQ5mq0MKHrAh8NA,10391.23867408301,1.0561414120897192,25.709715682791668
627a3cff9a794730c65d3b6ag1-j_zisSAapXoa18cCUwQ,2795.0408731301054,1.065335841785202,33.340598506281545
627224579a7947f16c634b22M7if-46qQo61wkWbhvibnQ,7315.062592918705,1.070115514294361,39.37110971527065
627581879a7947a637a0ecaaJalkVZZyTLy7yQcKgYJJFw,2277.9724427300966,1.0533136125374083,46.52733186046318
626d213f9a7947584bba5dbbIM-FnjaHSpK-vYDPbnfJYQ,7429.6657913213,1.0431342324748958,35.09805968492483
6245765f9a7947c5f94693cfj7_JR4ThTnGgPgc2zJNqXw,34831.01799506486,1.0960572769806733,33.13195122588582
624175ba9a7947d9c32a7371-zEYsVrPSQuC-bROoTMdnw,38331.20772927941,1.1637249090454056,41.42841083649283
627d5f8c9a79473d49960dc2SJA1xTJwQ4uLS2yZlRbrxw,3175.574288176035,1.0602476900432147,43.196623354470056
620230c69a794761414f40169I8ZI9e7SKKZiC9CiJsnSg,51339.33018398868,1.2517771635761281,58.756577823652506
6248bb769a7947552c42398eIqle6Hw6RwS7R05I8Bmw5A,7343.12596434456,1.1715188028016628,47.14362566116343
623d77a99a7947474f983b4fcGTbK9GwTriK6nL5HFA0Jg,23594.53475587105,1.141858548032156,29.589744543966077
62903d3b9a7947015dc49649lMJ_GvqPT4GztOdw2jUjvQ,19433.647555854637,1.0455176705540803,24.516399139985978
628f3a8b9a79479cde1b6c77wFnFnuYeTOqlvKQglKqLIw,5790.691765906877,1.0713269538529653,48.07686794737737
624082ec9a7947960a854ba3KVIAaemhT_eJ-CdEICCB9w,92653.30928102398,1.1548855495130852,53.02447187003124
6271cc709a7947d7acd6da24E1F68ycmT92ieLEU0yVwhg,23737.3239754409,1.0530559343219634,29.65900737755128
624ae19c9a7947ea9d5a1a181635G7EIRpuVqxbX1Nxtmg,39342.2679306623,1.1216197368473853,26.63266117701776
61fbcb689a794773a698be17Qyx13ntgQeO2tuMyXnyMRA,15854.642620491315,1.1713219058045254,36.258091418694036
6287b45c9a79476eba263d9aUmmpmsvNRv2PstpVRxqC2Q,12461.302808799885,1.060393385627461,33.852767901077655
628b24e59a7947adc11d551dq_YCDQUJToa_OvDfhJhlvQ,18233.151982213767,1.0543871582703346,30.0092752979984
6290cd9a9a79473d044f8c47-mkDZ9BRTYioo4eiJD9R8g,4161.490801440979,1.056323534045253,37.22148008718316
6281c3d69a7947d60e262a3b-4FCAqULQkiFzsMZuqKcSg,5054.329529984034,1.0695512895886006,39.77513927285639
62667f139a794780d3f743dbwrmAeZk0TmqsCLGigkYRSA,33562.97604223264,1.0490909121897294,24.943338760551857
62542c279a7947d43b98f981_cDhkIocTGW61SI0By8UuA,13355.856261349507,1.0620962934240363,33.227657751402404
624540a29a7947ad1f5ea320N9AsqGzxQ1O3PYi8ikPUQw,20833.56062140681,1.115769256702085,26.674565052035184
620a8bc89a794720a543c165-333kgyAS5mKbbS3GCpENw,8430.45784881737,1.1673860002292056,35.05764267496384
623dfcb89a794701a2fe2210nbmhU7IWQXCm9LJhB815Cw,63992.25772465073,1.1542685803899073,42.818416188201574
62618c899a7947b12a608404wJhFFMvSSEikENgU3kjn-g,13755.32366610356,1.052146683168678,28.99166495792303
6238476f9a79474f6d4e8591Q-clqAKRRyaX1e538UDdqw,23338.580879479,1.1490486015605126,35.131924741926966
628e40f39a794755d3ef2ce2HoLGXuwASrKuNvkVxhTn2g,2999.904078348258,1.0634202650707854,38.377291202177396
62015afa9a794723ffa8d70aAKepbabfQ3-AdoarK3nC8Q,20633.766570432355,1.1510195616033418,20.514825150418606
6203c8099a794701557b06b3I9lU5JPaTciWo-3jwsXvlA,6723.891951783528,1.161147010299753,33.73219325786512
628f98209a7947d38381a3cazx89aEcMQuCzVSgBFvMh0A,4951.8608030475325,1.0615692454811358,31.24754915448126
629091fc9a79471df3ecbd626fsHNFTKQUWcyA_T-4mJrA,3131.9844805524763,1.0636202188774055,37.260693883758485
623a3db19a794703d582e864spEy4RGkTF6gVWC4M0J1EQ,31353.261118549923,1.1248030966881892,41.215429634645254
623ad5a99a79472ec929b6433w_TKyM9Tle1M1ShY2tjKg,37652.90507081065,1.1576247992606261,25.130247772137974
625d2aa59a79479f6cece1a5VPCYSTF1SISApGDY-RTB4w,5374.502337330024,1.0522534353684336,41.91857070820472
6264436d9a794777480a19b8OWmUNqI1TU-lS1ccKnTgJQ,6202.909814441335,1.0593608439417534,42.53601770264653
6266745f9a79477a8d1d61f3iJsoYDOhRPq3kr9rBI7kag,7893.721613769884,1.0444315790725347,21.411024431391574
628e561e9a7947604ea9f0e1TTnkW84jQ-SOm8FLcrvboA,5753.752512817559,1.0693825359820486,39.11203178585331
62059ebc9a79472120d2067al6dD-VoQQqGV5CW96EiDfA,12497.693753448382,1.161647130975957,43.42114816178228
6273be779a7947022fc0b0ddSnihfB2rS1mPdpmFmJuIZg,6487.771204111389,1.0668510984925963,31.72266520044265
6204c3209a79474a27c454cexmgk58FGT12NkPMh_nBebA,16498.53307008476,1.230942673915308,54.833765388433896
6284a42c9a79474f84201791TPjKT05wToSGAj7fGHeF_Q,16502.229311399897,1.0561409631378627,33.365936634962694
62442d299a79475229e14d9a3LqF1CAmQ8CThiHpaJRLyg,117573.07794308865,1.1085751399367676,27.979731248083024
626155329a7947996f04c0bejzNOtYBWSyCE49SawCbkmQ,17113.761890241203,1.049758508740658,27.953497410715013
620418779a79471cf38d39c5YBBgOh1fSbifnVS83Pv0ww,11169.460503704286,1.1584355183021005,43.395504095840906
627ba2139a794798154aa365QzgMPcgHSja6e2EDgdrT7g,4329.9356228660345,1.0699100548349723,40.848599889998525
6202b6959a7947a0674daa69Az4H2TaTQSefYqtzXW-Lbw,45440.2754758828,1.1365850443438257,26.941116400199775
628f7e7a9a7947c1bb6c80b3aBmKqj9nR6-p-yltvkE5Pg,4175.740877402783,1.0571184233218027,37.23284595116422
61fcbcb09a79473aa7ff817exsyKnysXTfKCG6UBVJ9Qsg,18759.24789167468,1.1458553274683096,39.575275241689816
628de80f9a794722efae3791ez-M0nU3REayFn1NIyJT1A,10917.34958837301,1.0638382887561488,38.856764829607144
61fa7c959a7947fa56d75bf6XIDTflVsRiW8S7lilkXgRA,212269.074265126,1.1384799471296856,44.95143021203891
6201011e9a79478292c57459hyzx-DUeSx6Nglq4slOwuQ,12861.752856276658,1.1383550138907952,38.29968563107235
6209c97a9a794748c985c18afVf-I-LMTC-BtVMgvOcGuQ,15165.496547694604,1.1759069731486183,42.43727060288898
624393bf9a7947212918e888YookKrIaQkq-rQ0IrmqBcQ,77865.60674071348,1.1106669232123136,47.92232000887611
62365d3e9a79475ae6ba09abZHi84vDBQG64znBD3VJXTA,6487.397968985821,1.2146872296882334,44.39663386316875
624c7a879a79477c7628baddF90WUkN1TXeWlY9CFmQGjA,16235.142930578415,1.148411508612153,34.32474160799262
627cbaa69a7947ed331eb2e53ch_Q92CST2CRWPfhORFzA,17293.84684879962,1.0581869027252337,30.110480136096037
625bb4cb9a79473bf9916dfa8kWp8sIkQcCsqT9VVtlZzQ,3138.206962111196,1.053131392065178,41.301234438574575
6242d49c9a794757c6060a2dzErVj-zhRKujsta2EMvduA,26026.36663729341,1.1164315684844275,32.03258513940984
623eadd99a79472a20a2a223h9jgS70GTlCr3KAWxwODtA,33303.62845110348,1.1303430980691782,34.40969158549887
624a5e1f9a7947b5826541d9spvOZsb1TbKafLI3YjSQ4w,15020.110472921884,1.1749376807536969,41.734972185829015
6272601a9a794710c757c6ccRLEURGAoS2abExxE94Dxew,21763.92735480366,1.0572084316902983,24.9437511863428
62766f9c9a7947dc27c29c06PG5vjz1XTz2ftQ-J1sVmzg,5108.549581052062,1.0584889191104372,44.49915303418026
626992239a79472af1a95b510WulPEkzScWSD8iuo_7QHg,10661.166367568945,1.0462732459792752,39.380712760319874
623d8f8d9a7947550e266f7eBEgn3-rkQ5ah35QgUKKc3w,161230.7696713178,1.2077054100507687,51.639814001582856
627460d49a79473dda805c51SuF5ZEWgQBiCxvKKwKNdJw,8139.495981464882,1.0447423082464586,31.0559056770437
625b4df09a79472957aa11e7tmtrkLM0TaWkrIbkOodvoA,2990.4581876805487,1.0417899323105941,45.08937707046233
628b5d729a7947ca4d9fd4f1_3EkulQ4R0SmPCvXA_3vKA,11610.956449708337,1.0530765390359382,21.725053489270266
6266600a9a794771409474c8XX95Tm4oSYWl74fI6nPqiw,9340.50295544763,1.0524953671570727,25.903958679739404
627ffd4a9a794776154f5d22O7ieXFCeQ-WTf1QuWiQ6rw,5216.025911307272,1.062942919753706,32.16911164835804
621a39ba9a79472784f029d46uHGY6paQI2gzPu1lVdmbg,150357.84292041807,1.1139032960591964,19.07708523542002
626a77099a7947709ccd8797hBwL1xXLRpuOJc_NPUxH2w,8085.8011189592025,1.0450203641412752,34.693365152342665
627726a69a794700cc1ffddagg7hGhqWRQ2PLxBXIKZXhw,3248.09791765103,1.056321429918825,55.11275625988563
62443a2c9a794758b32de546eqd0Ox6NRF-sYTzSveY1zg,20341.941908866615,1.1339398473882287,41.1165387232123
623cf3879a79472268ea29bd0PGJl0Z7R-WPMkd66zV7-A,24305.738064490375,1.109509682276885,43.02342875084799
6284ec199a7947734f390d64qURDcS-0ReaMPulCNpVq1g,4072.3972557607954,1.0653461196820588,40.05333640376097
621088d59a7947d4aaf4cc37zfYDPnb9Qtm6Dkx1crWj1g,78746.34063890605,1.1737711901879606,39.07360491829889
623e736b9a79471ed9d685fdNgqLb_ckTpGeM5h_E66_QQ,91364.3278586374,1.1231368669117907,32.84680826560376
623ad9219a794731f4a75475X9uWyVK5QU6hrIkvNjlrpg,20630.98155078075,1.127722946306861,39.72908100963211
6291fc0b9a794704f875f0dbJzPD5bihTUqbnsSKFmG3Tg,7627.600982303541,1.0464397190346042,32.39036883119427
62720a5d9a7947e6ae7e780fyq41c20DTh-23d9LxiiYhA,8579.766093408558,1.0662034623313403,27.31866847596257
6246da209a79475649404462XdOg-gwlRWmRWfFGWMj6-A,19254.12270306575,1.1423483146584519,39.54211826060181
625fdc9e9a7947096fd3b4f5R2LgfDh7TDWAzgVPDCJ12Q,9267.81245594085,1.051266144299072,39.37479584017351
62473bff9a794780066e95d4HsR6hp4mTgKN8Mkl6idp6Q,17579.173954506503,1.1649549533933432,44.34949539678858
624b646c9a79471852c74d1aDcBWLTc0TpmDl8Stf9wHmg,15527.584810923228,1.1436351853182543,32.91967248107063
629286e19a794724683c3a0ey-7J8K4sR1-hAGvJE76ZTA,1916.9172807273792,1.0497821351709304,42.670560397644785
626d819f9a79477120ee589d9uc2wou2T--AFBajT8lEYw,2489.1331007273543,1.0545754174679496,37.20652019382513
6202a84f9a79479bf124481aQDCwESs_SBuItERvQ-g_9w,26758.084231293386,1.1186579240188594,38.00330358686237
6245ddb09a7947037f2c93e6eztMWGNMQ76c6a37BiG1YQ,72407.26725209181,1.164939875923615,44.0904261354581
62461fc39a79471779c078dbF7k6ctZ-SJGl9B31t8H2ZA,28454.22083127929,1.1615633696438008,31.583309305234607
6269cb6c9a794738a663d3d3d3ImCNw1TIC_E60KoG7Rfw,6199.231965343247,1.0402981903063262,25.086094025999753
627a88cf9a794743f350b797rqkVJ5DxRMSUQ-Pj95Q4pQ,32553.994842793003,1.0593111402162287,28.373138599230487
627455099a79473c2bab710cn0I9ZotDQTy8mFdrlG4TQg,3783.943664166146,1.049057606149052,42.2236142973976
6290d6af9a79474116f553bcU2BmOwr6Q1GI7QAp5S63vw,3718.526040028992,1.0601041958815458,25.43780901309903
627a71c39a79473f0f35193cqCvfQcJeRXuKqzkVgO2NAw,8029.84930690896,1.0611507536277178,26.643803223935144
624730d69a79477d2842f192ZvZMwPNJSICYiKYT_vFBRg,14370.931512119834,1.1178124727805978,30.068574352556958
6274ef809a79476e47961f049NLiopV9T8yQYj9rS1gR4g,5314.778043028751,1.0605884063827156,28.561753031811037
6250502a9a794755fff0019eWqxrYj7YQHmnRC-Twyc6HA,44537.43765298722,1.080673186354791,26.81824384309687
6260f5229a794766f3657a4f7x6LHEZxRzGdrT1TKyJE8A,6363.529306176386,1.0676129451184677,38.58334405413808
62851e1d9a794788c1b30011TTgxXy1YQfWLbQ7WiTylGQ,13170.188664768124,1.0527624380011849,29.079915200003278
62783c099a79473efa0630d5nN0V_BgdQw-TEzMrzkrQwA,4724.237257712054,1.0545132987557468,41.68133460742041
620282559a79478c744f7b8fIiNMV-VCTlWt7AF0QNIELA,26015.881348007326,1.1733888468523204,43.911581532536275
628bb4749a7947f250ed4278op7L309aTV-V292OitVVZw,12157.06352448968,1.0866192988701047,41.83748247966197
627d4f3c9a794739e243ea43E4oGAkPdTmu1pOOtI80ntQ,12621.235193176146,1.0468363696403906,32.00760398269113
6281cb649a7947d86ebddcf7nAqDn9g6RnK7O8ZiMiaJ8Q,12693.094978576843,1.0702970569914714,46.810869439394345
61fcb7ad9a794737476ef7d1SMwihepRToGZ-nxVWTu74A,38234.32759573533,1.15782484319311,21.338892235135344
6261c0309a7947bea8c161dcEF3U7ieUTICpoRJJa6A2cw,5018.351105595944,1.0506853563811052,38.84405061700156
628afdd59a7947a106226dcdXl7bUcMLT2-ClE--b8cKyg,7774.1813322008675,1.0593264527840094,44.370705108327776
61fcd96b9a79474668903fa7G49UXTx0S5yyJcZqS2wU5Q,14179.520613735398,1.16019231683789,43.58957843149591
624d3a299a794728b98c7eebczd_WuHOTu2J0c6Z3eLDHg,12328.596356788925,1.1606850278135,32.75937822460524
620e47259a794704b9653dbeYN6ijSk6QRek3sjV3wFQ4Q,10675.147840232174,1.2283248015855448,50.788512495804575
5e2fe9459a79479d102bada6nRgA45AkSjaK7MxiSQw4Cg,456636.0224804865,1.574960741808955,17.579283018739854
6262b3ca9a794711d567e22ehqgcBV-uSQCPvsmrQOoTNA,6779.642222618185,1.0576310484637845,33.68342173813
624607d59a794710f564f6e3MDwFEdoFQqOthmK9Ccxj9w,75249.39591439466,1.2046784483066846,45.06221493440693
628602829a7947c8c91110c7kvmu9dLCQS2jiZPk4NFrTw,9517.54177775431,1.0627650349755495,42.740241036038014
62033c059a7947be2e9ee607RZIzWfbVTWmfFeCvbiVOGQ,20292.950147247,1.1522704771237346,36.93383010995566
623dd7f79a79477adff4116dcxNIKkp1SYmgg0SpV6FcuQ,36980.04009334148,1.140752955634396,42.71841037195203
6207c7419a7947d4878e927cwEvxrJscSSO164w_SUSRvQ,45892.20568281973,1.1844042316674124,33.02237541244846
628cf2b59a79476392aeae92M7BSV-nLSxOIh0p0k-DRHQ,4765.715912531623,1.0651110740247438,29.41060629664153
6264274c9a79477010a43b63hCssG5hzQlKYxrjq4J0myg,33319.94469091916,1.0533362186736708,28.50352761317062
61fed9d59a7947ec18e752267OTaCIOCQV2IqGfR4T_6mw,13907.273123192901,1.1586776719128853,43.17887119066318
6237aa969a79471efa7efa5eaNj97_FcR6GdLBaCEtC_eQ,13137.650574000967,1.207697264059947,36.12202187913387
6268f2339a79476179aebd44zYDjv72LQm6mvwrQjqm6Og,6441.487809746976,1.0531275107720703,29.1099808722661
6239f5ed9a7947f032e06dbb6O6ynlm-QhSX8IBdnvjQ2w,68469.77936475408,1.1448284557706296,41.05323026806777
6284c07e9a79475d5a96d30cbCM0h0aRRtGVjEBSPRtdLg,33017.16693215586,1.063681616270504,30.799784740367087
62012f529a794712c141981cWvyUtZSySZOHZyIOLiOb3A,8792.748529046334,1.1442731117884564,27.382836643100166
62738bc99a794770c74f0f0dX1GeTNFUSJaN9yESQiyBOw,9413.322048173704,1.0612115159655258,25.787285426380883
6283e7bf9a79471ddb2ba62aYDRmyXm5R_SC5UtjlVPFQQ,3617.3998254942053,1.058158067655654,28.806061692453014
6209f4929a7947564896f881MfO1WEQhRGSp1tfB9wEOVw,23440.779674758804,1.1519218819584598,24.37879429187747
628a1b429a794771555c208ebBxdFQnNRry6leZCsTLyPA,6617.419147507085,1.0712014718911473,25.989842311434764
6266ad459a79479859e00e04jBr1CeUmT7SaranXoT-pqg,3687.2698073392653,1.0593710523532236,37.78529745499093
6208fad19a79471b2e147eab3YHZr3VaQmq1fy3q_6GPaw,15061.766975040806,1.1369795666816154,34.32830856852424
623b2f1c9a794760d52a636106Uyx_UMRReqPfgtwmYwJQ,20352.75610492899,1.1391627587449107,23.585311980888754
6261d62f9a7947c4e7da1b29RXKcbZOiT_OulMOczD0vVA,16718.38056144132,1.056989092025317,33.902891766606395
623872b29a7947639f1e26ec7lEVxYf6QLKMrNk--oLzPw,39933.1239223401,1.143687383668848,32.79901608979828
620cc1379a7947e7ef160dffYz4yr1tbRlOgXqWujONkDQ,28662.12840626952,1.1454112705448174,27.636269644499937
627b0b0d9a794760713f6a5eMk_Tw7uuQK-HfS5Ru1YKvw,21678.33035488355,1.0572873068394035,32.913364142358894
62456be39a7947c0dab594129WDMWPZvSXmlUrbqhHj9Yg,84242.11897118518,1.1032770644881713,26.604802391511377
625980ea9a79473ac5d38fe99R6MsEDsRRSgSWiLAoYsLw,4601.254236871125,1.0585055598296222,37.08882886838233
628dd0609a794718e6584a22jE4tH6XDSNO4dMNgr_ICBw,16762.525587788114,1.0568217297265647,25.330189698577914
6282fbc29a794747b3ba5412NHKzRJyuRdqNvlS25aDYiA,8355.74502071556,1.0580338855742404,39.241788299135365
6204d8769a7947560d90900axMxkWattR_ewhI94MWFjLg,132971.5634425057,1.138174055163609,29.619385151876518
624fbbd39a79470c8a5ebe6b85o_o-7ER_2pYp2aQOhY1Q,23035.82024359634,1.1488708511645924,38.661937196583835
6278a4c99a79473e087d4e68aPf0HtgaRxyMYTIv0lfwVQ,4962.173113468019,1.0500873794114813,32.952615949392964
61f56f629a7947e7445248b0wSekHR5UQ9C1caebOURF0Q,8506.302323251823,1.172958520348234,36.79087102501194
62733cb29a7947546ce1bc20YfOXwvIFQjqK0eyL252SNQ,5495.213767258508,1.0583202950853945,41.4546946659174
62069eec9a7947892a3a0274QpglQC3GSeOhR5gG1PLr2g,23211.28647607006,1.1931937049762638,37.572775013256894
620d083b9a794718685d108bRh1-F6ktTkiWbIAJHBgtDw,9253.355320618351,1.1732568127169507,35.87560980608822
61fd1d8a9a79476cb74096294cWLPB6zTjaxJnHX9no5Qw,8814.70752904593,1.165491172960268,29.66586480155071
626123a09a79477d6c0720d8yB-bX3OiTviLMIhZwoQbNQ,7941.294119230013,1.0658068534899303,36.95482664226828
6287e69c9a79477f42592c897OksGXQZQwG0r47z7u_whA,3391.540383615454,1.076103515206268,35.94364392719782
627ba6aa9a79479aa6011bdfbS8FIvMFR8-6aUgfMyLwBg,10044.346893558777,1.0640573545132161,30.443032541426817
61fa85109a7947fed0b2a0e3EjBbK61hSgSWIw-eMYYqhQ,79158.47248909097,1.1258614909809823,30.416196687275548
628899a79a79471d3f07394fLo3lGL_WR3CNSkqhk0SB1g,9324.962949949208,1.059653376049953,20.668909544229844
626d7aab9a79476ddd0ceafaDQXA9au-TFyCZ-yGKZgHIA,3430.621261545914,1.0576894980008162,39.17216014484867
62802af79a7947816a7e251dDQkgFDuHS0ClE4zVSZfnVg,5290.713478938289,1.0549501058690023,31.70882744531809
627cc6d59a7947f5bf467ff55ehy-Tn5QuGBcDsnHR0idA,8138.683504613071,1.061818773768665,44.57599962283648
6209aed99a7947446de26574Po0MjvUsQ46uHb5yiM4BlQ,10572.828604251063,1.157066519215436,35.21860188161431
62933ca19a79474bfe00ded61pd1-uPtTXujjrd9jHMSeg,2780.879748252914,1.0618889430899296,42.186645368877855
6082cca79a79471b74bf1eda1y2vorDuSSeWmqM13t9uYA,6914.1333473390705,1.1060242848849144,43.706758279013414
6273d0619a79470b40a06c14waMM74i4SB-N6IuesQADzw,19795.237002082686,1.0634788178150627,39.41421857056425
623c2f759a79472a68952682dJy5CWIlStK2DnuqTXs9sw,26273.721858376106,1.1349227798192874,36.605312023385316
62081e509a7947e8520d2892QkJtX-Y7TPu9Rfr2czRZzw,28285.031420060957,1.1616576845632067,33.51868020477807
6238870a9a79476f887f02eefLXXqbXhToGgjrtpAGmbgA,38450.028871590395,1.1394693765386588,33.59111900265813
627c67ed9a7947d6d77cd3c3GVqmRjQeTvyF3w2iXT5rRA,6107.1282158673985,1.0567333074366125,32.05467068557817
62550a089a7947182586ab76l-3aNbzBS-eclQNh00-i3A,8483.738669819773,1.0821387900646982,47.501541015697015
627537ae9a79479001a250b4ygbJKIKTR46SMuK2BAKUnA,4323.892655086456,1.0502433253139416,31.066981239728435
6202fb419a7947b08026bc3cb_iH6xMeT0SWJzGly_kAGA,37123.91599808448,1.096737759098829,31.962407312202785
628c84049a7947287ed3e31bPPZAJQBjTc-1rWzDlrrHqw,5677.156468826798,1.0755070552264765,33.613334187631736
628888379a7947185e478626TMwTYzbuQnm3wa5N-Nqxrw,6199.323063741593,1.0596787558321163,34.258684048355434
628b1a6a9a7947a8fb794951ETlMLhP5TsaeCht3p1MQjg,6094.491029847617,1.063454344487454,36.01403456223032
620014289a794737d123a61dpDd1aorkTmyWrORvF1t8gA,13724.027518817447,1.2036350053313252,32.95131967182929
620e61b39a7947187bb27023O5yR5DVXQzG7vzSPjimsew,86493.75583367549,1.1512441562815814,25.3151323938518
629334529a79474a888dbc2fWw3tsXUcRTW_T08jDd78yQ,16732.649450327735,1.0458720695855293,28.083229408541865
628048479a794783ee7935abbxSR1D8yQsOJqXbN2v8hbQ,4066.111406984563,1.0610310383806327,42.14818824838094
6210235e9a7947c1c6770bb2AsYCJlLAS9-wcnU0pEI_lA,32763.18230848479,1.1249432003286302,27.73655507361365
623d902f9a79475465b7f5babFH5XMgwS1yRyRi5uvfwqg,183203.76961733645,1.113241762699466,44.199434456775165
6204aff29a79474264e31985OWSTBc_mSruc_yWD0yHrVA,12800.547427843227,1.1670208844744976,35.4143267202818
6256e0e89a79474aa23f5490t788qrBARAmR2YBeuYREjw,13722.162159369085,1.0571314454695702,26.328308043178236
6245c0df9a7947ed609af7b1e6qU0ineS2eviHMXmLF2gg,28615.902370849974,1.1315954809245556,39.95850271172582
6267a5229a7947eb69b75fb0XEqzp0fYT_Kn1T6TQBo3MA,15334.866471761101,1.0421136952631347,23.51023209288064
62396dfb9a7947aeab67ee9fCdNzbxl0SFqZFS_Ehva5iA,40325.80613237419,1.1202185635357695,35.2263316174585
626360be9a79473fc67bc4eefLDCI2viTnqLozW0SOlLhQ,7411.363116067104,1.0542774718277206,24.76070057619519
626b0b159a7947aba983ac7f5fVBQfz6S_2Q-qc7A4BOCA,5969.892804490966,1.0470308590155997,42.77772245896162
620547a79a7947090b30c8e3qb7Xw-k2QEWbmPwOTPlRkQ,26924.573587891082,1.155101187659231,41.546595721959584
6265a9319a79473e1b6302edYDYA-Y5ySH6onInzXo7ZxA,8300.945101855737,1.0474540334829585,29.874651125489052
61f934149a7947833eec1a20TWcvEQNsQQOU8_peFl4ODg,11382.678607645852,1.203796115715136,32.83769687705816
6208d9f29a794712287c14191Db9xD59TnKtnp3QuL0ggw,53777.51817713405,1.138923556230158,34.75065710093373
620e4d689a794708e7339623zDcqpUpyQj2YcgPMLE8dRA,7696.9773101707315,1.155199531791785,32.99871397191203
626a62319a79476719d08546P7h-tgjES4W1pYOVjSk-ww,2987.823390009502,1.0481335855133522,27.16602358720419
6254b8049a79470745ebe990HuTZ16-GTzm7E0AgFQnr_g,4406.478974350918,1.061636084280691,41.839526845641444
626ae2b19a7947a447de493bsToUEkPcQPa2r3v4CfHoTw,3156.1172353711377,1.04456841833963,32.6630229342383
625d00bf9a79478c0064bcb4PICnGFgjQve78wX7G28clg,6855.67107636455,1.0560248326797794,35.45205506539663
626bb8319a7947e738749b8buB2Gad3ET2u5i-RPiwqTnA,7859.4587012222655,1.0484303434269586,28.638850515092034
624eb2929a7947afe3f5899cXCq9VSiiRU68IXItFZAxBQ,40877.2457599864,1.1436463052888117,32.27345609022843
62611dec9a794779e452cfb1Hle9FXT6Sh6us8D8OrseOQ,19774.870685413924,1.0514138456918225,13.973395706129358
620c078d9a7947af78cb0065uzEnX3sDQwiKdJY2o4I1kA,5132.933908659982,1.1863605908277892,38.0728797012711
624761fe9a794704177bcba6d6kpVOsXSua8mLbWwaFR9g,31457.43787387268,1.1611608962857074,41.50830238052292
62098d449a79473d83c2c1f6qifFg0RITauTiT7xznmfRA,22255.688653968242,1.1514055001257735,39.9624132049653
62617c519a7947aba45087afFnw_MurhSXWBfd_Gs9RLng,7397.679129732488,1.0635499523306498,41.348557801753614
62569aac9a794728aad5172a931UG6l3TcGNiYIOs6wAJg,6413.456892896345,1.1095810847604215,55.81473138708333
627b37ad9a794766aa11c08fVY2W-4dhRzKDVzxczsHP9A,10915.817861324977,1.0595249191274168,25.38803872726155
6252b8ad9a79475e3ddb5ed1U8M3I7HZSX2u_TU7xomwyA,67799.92431571592,1.0761730796457296,30.04525796390853
6268b2ba9a79474bf0ba89f63JyxHlDoTgaKqn6ViOLbqw,5541.187455923907,1.0478273340310111,43.227721020424895
628b1bd89a7947aa56cdcdd5q_YCDQUJToa_OvDfhJhlvQ,5096.85145146298,1.0643651924629096,23.200004847248966
626782e79a7947dcea7c07c5XVFIciZJT0SSvptKNC7MMg,9004.129247219378,1.0439953286208068,21.01086129922176
623b48f69a79476cb043c7bb8OtKJrqIQ_iVDxp56-iMpA,292609.62087263033,1.1183136896397219,27.771631535181314
626315329a79472fb216793cGVqTfteCQby_ZtKQ6e5uPg,4783.480140187554,1.046046421995272,33.448438388256214
6246da909a79475670b70f5clOQUAlaMTQO0otEhh6r_UA,96968.2766497272,1.1532402406641071,17.04119830591929
625867c09a7947d7a6c88ba7poj0_tM-S0Gjm_MJV8JpZA,3962.09725060661,1.0605200552875718,44.3109021212727
620dac139a79474747ba88c1WZVsZvsESLOIm6h7vRkRyg,6806.788562140926,1.1747015412461224,42.92082152745117
624c431b9a794766a39d231cRz0wqk7nTliS86AxAh7_Tw,80473.57603708877,1.1342415819425542,20.25980835360131
627d56599a79473b1636d413P4-pWgF-SZ2mUZLY4pdJMg,10664.705567493927,1.053728965958425,31.454702881163737
620ce50b9a7947007ea3238aYz4yr1tbRlOgXqWujONkDQ,18198.953001955702,1.1490502640202882,29.820122564317252
626168049a7947a27556f3c5To2c9jA6ReO0LRTfKzaZEA,23895.897110325055,1.059452503879087,28.320870924871382
6290a9469a794729f7a773de5OE9wCxERPe9ZEuroUg2tg,39413.11727033312,1.050641545206919,12.487756315635075
61fe61f49a7947d00c7fc7a0o-lgWY6PQBKagYIgNnehiw,59610.56702686878,1.1537129485331579,32.34140876045621
6241adf09a7947f79dd0f1c18NWpmi_STQakyEVYX8Madw,441066.81449760956,1.1226913914440215,29.7996284295499
621a39ba9a79472784f029d4ytL7Y-dhSYm55oHJbra_dg,60800.60634445281,1.1080166110066616,19.40993851126593
625ccbe79a79477c9066bcf7l82wgP2NQHmEIAb9aqyweA,20691.115345400354,1.0490977384454523,37.87777020308269
624eb58d9a7947b2cbc7fe3aBJwtlzHGQHilxE3k4WK1rQ,21560.365762716203,1.161857983192528,27.370094540156536
624b9f529a79472639099ed7KehS0gBeRb2p0S_77DBA2g,10759.0864388879,1.1777537215115013,40.85266920230046
61fb1d219a79473037413488_R-OXs5qSkWP2nSF6qvT2A,7275.051953669587,1.1699526743580313,37.293891267525794
6272120e9a7947ea707b46a8S3H3bsqJQI2W5hWyX7c95g,6121.294925424448,1.063054607560008,30.10945341405122
6239adad9a7947d10d75e57aElkA_lbnQxyj64v8qMevyw,83013.73392611345,1.1253187378462923,37.747352402049536
625d38b29a7947a66c637178TtmhkEenQpW0xGs9DsZcWQ,33859.18505137288,1.0554395879992087,31.87549002986207
6246c96d9a79474e32e0a71fnoQCSpjPRoqZ04pHyBL6Aw,37482.788519366244,1.1321597535895944,36.413013218255344
6284b55e9a79475779175ecbNResx63ESGysjjjSZixa3w,11766.843982258695,1.0653418689713865,34.7992604877979
61fe17e69a7947ba468611c5DlTq0dGJSSGA3xm_fjZ1cg,6309.5855009648,1.1755706251348628,35.11034053376628
627579929a7947a4a34cc1299oMs1NgNRXGQsR0JiDD1QQ,24609.279426521087,1.0464012345496798,28.167556125653395
6289f69b9a794769e2eabf23dg8nBUa2RlefnNKpfsOx5w,8102.3780893123785,1.0786890833498795,28.319342753665225
625a0dab9a794764b99e2313dCwFatVjScORrp13gms9kA,5865.796339577952,1.0482577305550147,38.45422836941059
6283b1ab9a7947090e51e74cSa57NazzSwOqm7CRtmokMQ,7842.821314374502,1.0609033634407705,24.083129023346935
620810749a7947e64bb0ac18Sm8sHnMzTviTfCR_nBYMoQ,31792.703520652005,1.1479741235192613,31.429182873479693
6239d3b29a7947e1c769ece1ElkA_lbnQxyj64v8qMevyw,27962.759957671587,1.1181135465857475,36.4038536159808
6253be659a79479b0a127879lQYVZdNzTwKR4I2pNtEWrw,27746.548453457788,1.069273772823673,23.02678598621117
6250eed39a79477986f4392d87tOEO1wT3a68Il4RGQF_w,4734.916079320171,1.0962581981863686,28.71722615286635
626557aa9a79472c6f90af55sTpbFgP1QW6N9TRknxnSzg,3684.501392710938,1.0569933331208476,37.78733636523983
620c026c9a7947ae84573ee7EfH9lfYnRsy1pXQVXix0Dw,10118.412959618243,1.1398351981126686,29.571353350748574
627f1c089a794743b070ff73hVvdVmFxS2SlZ2_lECDEow,13060.319260840633,1.0584851544211242,32.14939486296804
6270ae8a9a79479c9234bd2f5Xq8yfvwSlSBU5OglFKxZQ,6541.769110330901,1.0578876137665063,44.02055138175421
625fdebd9a794709d6577b8fJ_JqryDlQAqChco8b8Hrew,11049.714111824598,1.0501121577935841,38.16200078167035
625568df9a794741e114a7629FSsJ6cwSTSygZ7izLmOWg,25879.32432574597,1.0979527055252634,31.16823221594693
620b32df9a794749f56bb958ye7myPSwTdWo-OCVPC-iKw,27593.2589918068,1.1684170328373606,37.88830155432324
628c90e29a794730620d22b4PWQG9098QK6hMzHvuu4WUw,3622.964800789256,1.0665689708788801,24.98157559006166
624336009a79470778c81db2H6MUFpdRSKiLqGDS7p1B8g,204673.1205806927,1.128688770315678,31.043903889249663
621a39ba9a79472784f029d4laWXNqItT8yaCDs-lr4Edw,100882.42465818251,1.1092723338379937,17.24450638938648
628f80239a7947c6e76bd799lMJ_GvqPT4GztOdw2jUjvQ,8850.0804610874,1.0608641098081155,24.706888969436648
628b65499a7947ce9933dbceEUOfbyc9S8Gf234JHb_VvA,29664.455698086407,1.0575454346146111,21.81097690721436
625043709a7947504c04ff97lxiqQHkNTsSMmtDw0KjHnQ,4993.957155111515,1.0586066199989683,30.429942947863896
6273bc739a794700f9f1ad33EG2w-E8CSNKdxVLmmErUMw,5336.898942899811,1.0630984110455206,23.631965718585224
6270d74b9a7947a1a83d072c-KeYyMh0TCOwqRe3xvFnBA,7566.87299263758,1.068798814263966,36.73384173671445
62504c7d9a7947543c881e8eC-1I_8e5SuiJBmuENPBJ9A,28470.434018906843,1.108186921706687,27.82269109525931
61f984989a7947a5565fdac4rAIba-lERWSXd4O9M1EpAg,33779.393693390506,1.1635571102997302,47.73042446520947
609d11a69a79477cef513697pGOuC-gWT12n9W8wK9Kvhw,70339.4525329043,1.114085610458068,25.321599394138783
6236f2e29a794779dea3069eqsAMlYTbSB2BvaBsCvhvZQ,35823.22452054772,1.1163717343475172,22.099915463995885
627d5b339a79473cb7c54d9bXxMaGNELT0qCrMauBLarnA,5346.680107651944,1.060243536284711,28.796622517734868
6256c4749a79473deb055a3ay-VwF-Z3RHi2iQ3d0E44BQ,12484.563896998721,1.062809358284043,33.83952793966404
61f864b09a7947348f6703d0ztoxfCj3ROGOoEW1W6vpZA,10213.206526707163,1.151591893586834,42.06972190324046
625fe61d9a79470da092d6f6w36pm8qiT32yErjhPhtfxA,4074.2552905788107,1.054905235524235,29.599464996329342
6250cede9a794775c3a91b21YN9fytG3S5uE_6naC4YRLg,4798.606998579678,1.0799947923817907,44.26472003478927
6200059c9a7947347b98c7314hiT2wUbQ32nIWtqVJVR4A,6458.213614962177,1.169140148567563,29.76034454037377
626c0d949a79471158368bc6JL4jhFKqSuy8zqIam6JF1A,11572.332770677422,1.0457180733122209,20.697019806765375
627cf82d9a79470d99efc7d2S54kGOf1RF6MthSv7DnJkA,4327.880972948124,1.0663175828606526,36.834511719295485
6255bbfb9a79476aacca9089shJwo2D5TmGoIegVMOF--Q,10403.543258201544,1.0678484132981694,37.07851784052512
6274062b9a794727845a3fa0muAWQKMcQ0utBegOukNiMw,5075.725781803027,1.0533392251915037,28.734771631085025
627246509a7947030dfd7869chQlLD4UT5WypyH3QzIE5A,27389.84537139756,1.0633493029948655,36.27263604761358
623fd9189a794771ce29124dfI8XS2MXRyaNdNuJJW9VjA,25493.54051720315,1.1652421943267068,36.56752293353797
62625a559a7947e786f8ec295p-CZh-aRxalUhahZoWG9w,18296.987001229674,1.0546523613429983,36.223133861467936
6252eca39a79476a77630da6jeGCjORuTUqJh-1Y5HFWxw,15560.797537173812,1.0836461519969534,32.14711755956925
620c01679a7947ad95cb643dTd5yBpkQSQ2Y_j6Nt22WfA,13794.088907123753,1.2206993958223389,37.10428358662347
6270f3ae9a7947abda2920efOOS24X5bQja9XEkI4XoouA,13471.852439047358,1.0596917581728582,35.44587735082451
6267cc9c9a7947fdb67b5045OogCk8F4RsmriycAxwxdVQ,8628.581303219114,1.0409172488086575,31.609947520025845
6270144b9a79477b6e78f991__c1x0k1TGq65D56BFRkJg,5579.545890336924,1.0666505916669282,31.998034781708743
623d9ac69a79475be75951c0wr_6ihpyT12NgY0Mpvh_6g,141806.3782569828,1.1148442550002537,31.431931807652347
6255aae59a79476358e977b5Yblncn_XQbG1nCavSv_QpA,6786.970577418173,1.0697028168070297,40.45418384424502
628d14059a79477098baa56e_reut8TsRCuUmr564np4aw,10745.131412621304,1.0581499524384004,31.962347313828147
628169449a7947c02024538auuuauJ1KTKmxuWQ3rWRlUg,17377.0272393985,1.0548165633090636,37.530775029946724
62934de29a794750865d31e0DBWcNOyEQTeLvy337gBq-w,15209.15341433966,1.0437427031529722,30.633482838603175
628ca4239a7947390befbb74Vn3aGjTxTpq4GQd4N2rtxg,5161.669033743314,1.0697510649891884,33.48796376906203
6253a79d9a79479282b4850cLlB2rZ84Q3OrfK43VdVBRg,6381.1084044282115,1.0630991616968246,28.22223238788611
628cb4cb9a7947427c7ebe4a8GLRnwvxS3-6YqQVC3Qw2A,6311.263855264928,1.0578649954152293,19.90489811664338
624011af9a79477bd6a6f4cefI8XS2MXRyaNdNuJJW9VjA,54274.52242091547,1.1531344898705433,38.331581091071044
6288a3799a79471eb0b2ba08JAXJtZ4BRiGeQWRnyq1wQQ,19954.856024298628,1.0651823588682918,32.04588449609714
628a6eb19a794785ef5d9f0cigv7YUmWRyOCQ0C_s6X6Mw,4721.635121971438,1.0656009842040048,37.53859653415008
6292b2ac9a79473080fbe02csmija1nERzugUutRMEcGhg,13406.763105879218,1.0404621518342565,31.888003748150922
623a35f09a79470242636d65hWy-4fXrRb-Pota_SW2SSQ,88900.6476569491,1.122395495151375,42.465329247520735
6266e9299a7947b0929a9a54MPZKl-DsRZWuYumABulLmw,7524.116702681081,1.0429616617641242,27.29129389902195
623a08449a7947f71eece49coAYGuMA9SOmjirpUie396A,27243.055954054103,1.1375931808490152,43.90139184137712
6200c3879a79476423226731iG7dFlfaTwqbqbf-JvYxsg,32368.403616128697,1.1303444168824823,28.100299899360163
626985909a794726f947aa4cQ3QVkjAhQkegkVxuW_DNsw,13116.101031480874,1.048325216816102,36.34781683733909
625810f59a7947b05d0fe622G_xoHhi6Qi24MGfYCEAnmg,1615.4492031360176,1.0646812701321287,35.153468881647
627879149a79474a5ec649b6G1dmwC51SVW9gfc2iGZw0A,4031.8035586581227,1.058684685337893,36.51727246314669
62722ddd9a7947f61ff6dd12xbBzY1AzQGualfaUJeZpzw,7301.601834020893,1.0631110905116796,36.21085340299955
6272b03b9a79473273d2dce6LwBhzl1VSMOtJTB9bvciBw,5475.514730234763,1.0709389639011946,35.484468371209026
6283d88c9a7947186d9936c2isvK2UWJSzayqLbyXS1Qeg,6134.798409982311,1.072423765958435,42.0713146862011
6203804d9a7947d911de78b4M1n7lm-hStyHAuG48602Hw,67962.23207873665,1.1071215866384922,16.805647822305573
624fc2549a794711666cd63aRRfqpn5QRQqrpuKH_328JA,20752.942386883973,1.1386234529478159,29.41013802455156
624ba2079a7947284bb9350fLRwKVkOlTtWBBVwzEGiCLQ,23921.256395221884,1.1508674147517297,31.374674210140988
629257359a7947198f2a3e6eNQ-gy5h2T1-0rkAPd7RwSg,5249.463079457837,1.0582081630817812,41.40453882140575
625549389a794733dd2a17a3Ym8-IJk2QZitOz2nssjRjw,7391.687076235845,1.0842904755263743,37.34802211076588
62543eaa9a7947e1639e09efI-yeP2kiQnOSVJTRMn4Zsw,11195.77912699556,1.0602426183093754,20.860116844607198
625d6de89a7947bfe4f3b1caG4v3S4n2RC6pCC5qJdpt2Q,12726.235850603085,1.047214771227477,17.457705253931298
628babf19a7947ef162a5c3fNlcWeEm_RlanbLAGB-qShw,12429.503508237869,1.0557662977266826,38.95324638792701
62529e1a9a79475770e625c4wUpP-QYXSxy1I3M1at0jnA,18169.139990063944,1.0894906723662072,51.68515123623658
626fee679a7947740755af8eJYT689YoRnm9V6415vtTVw,15284.743024043257,1.0618067019649824,33.022812373169224
624158ad9a7947c9c5b16ea0-zEYsVrPSQuC-bROoTMdnw,167879.43249648606,1.1063001475641465,30.78803724736172
6265757a9a79473282d67f65LRQeoB4iTMCxMdjMojCcYw,5160.362856597458,1.065047799463025,40.53624215901138
628229209a794700126b83dbtfeZsTk_QluDD_tQD_ENRQ,13909.673395007965,1.065704959949588,19.814454246453927
6200923f9a794754ed382ef8G9yobJt3QeO_U77OWR6gbA,14530.37992019898,1.1850593445928332,46.112652610184384
624166b19a7947d245df187a-zEYsVrPSQuC-bROoTMdnw,182070.37394034665,1.1147272832924795,33.11800952801097
625ea92e9a794729bf02315d85MSN7mITfeDiPaGkh347w,13799.760985185685,1.047859429399525,25.747067994172486
628377ca9a79477386659ed2BYbgdo5HTWKDqeDbz6TxJQ,7185.818312542101,1.0642887189972239,30.28120565499986
6209fb039a794759bcebd275kAeVLVHlS3ivi9c8AWFTzg,19119.34258045575,1.1698489535882082,37.78654412118863
625817319a7947b33c9a6bfd4hGR2GU9S_WDdebDrK76lQ,8332.18053696842,1.0550789039581,19.630751352025538
62569feb9a79472a78ef4ce6eDuqogQwRb-nIGpxRxu3Bg,30646.531316831868,1.065339921657603,34.80912708345247
628cf26e9a79476368f90cb07pGeLfX1QlWaRMWkzgcRxQ,16413.699359411425,1.064462688831459,24.721407280125568
623836bd9a794747b3c4a1c52xMgZTAJSEus2ZCwN5LoaQ,12719.45422795837,1.1263715300721846,48.74335017682544
620fd39e9a7947a9aafde60depDFvMcjQdWcTI2pvy4rJA,25674.795235489106,1.1327271687895009,34.12133142808244
6263d3109a79475b1f909ad0RnIhhIYjS0OvnVtFen8pkw,7427.501408905365,1.0589536044261645,38.67579401781268
626f0f749a794742c6db873eE3QntlDoQFGhwKVsFN1-KA,12786.603215479247,1.0552362859196447,27.75769901905089
624b2f1a9a79470b7570174brnUCy7MCSVS1TNrrdGuM5w,22609.193060065747,1.1782782257734465,25.950762590867193
627355c19a79475c155e7393z5-0mdAQTbKZ09YGcPYZag,9127.797651100103,1.0525542049861691,24.82933906828355
627279419a79471c861b83b0T67AQak8TIqAujk_DA_35A,16914.576802998996,1.060073866911313,27.768925921668426
6273171d9a79474e76ab9acaY7JyMCfJSpOVwqxiKWbbnA,5928.87115198342,1.0570888594417158,29.280982653712
628d7c519a794703fe3ea1a4zyFhadqvTnOZpSxio4n_xA,3322.3738578022235,1.0578680106708038,56.70958119943838
62743bc59a7947342275aa6f8VZNOqP7Q6GjxQwpF4EmJQ,14998.6361710557,1.0419518505349672,28.43139805826776
620e05f29a794765125586ebTR0kuoFIQRexGKNwBJoX-g,10955.466314018187,1.152463504142121,25.599429824963526
626c22399a794718285b0fafseHF__Q_Q5Cn3qngQwEe1w,18454.72687213525,1.0466110553931902,18.618794585410274
625c45aa9a7947617783c69dev4GREMpRoWzH5SJb_FQ7A,2568.4012111428315,1.0496079282647277,40.87069095659188
6280ca4b9a7947a2437b1ce2gXwjQ1MbRIGGye6wCgSp4A,15967.22829364789,1.0577117943290335,35.824917901206064
623b221f9a79475972f42acevU483bYUSPe50VwEPas0pQ,246069.91409442254,1.1135657289168561,40.086920709476495
61fe06579a7947b5d13e91fe1HY7Fdz-QPqhGNLSIsh3rg,7106.8357664184505,1.1558349120854305,36.591762586633834
6282428e9a79470b8b42df34rDKr7dVNTmOuuvjfHZLYMA,5215.70634711915,1.0723619572145664,38.59265707559195
62396b859a7947ada26c2ecbpjpi_7HfRw2aJn1tbHRTPQ,45014.74627617448,1.1403774036130088,35.608353798631576
62746a9e9a7947407f6bbba2u92h9ROoSR-Sl40cqCpWyQ,13461.797782214448,1.0462465764400293,29.874684937744753
62793dde9a79477f8d0843f9BR21-eHZSpeBzmHPIr2XCQ,13770.299608276973,1.0459953980770895,30.683362299684397
61feeb939a7947ef3f83543dl9K_oLveSvmz0QcJA9siSw,16479.667469584685,1.1889483094164506,46.65963655167443
624854bb9a79473ce2ff6295h1PGpIF7SqqwI9uEtkJRJg,32216.994942931695,1.200495257524509,33.222591256382785
623ee8549a7947391df3ea12TUurT7aiSq66CDbzNmCOSg,53201.09368144745,1.1379392121047005,33.16379182323543
623b08e99a79474b8d9b01b11jh25jKpR0SZs49vXL_jaA,525554.7530684506,1.165587190316519,38.842315705362154
628090529a79479211405fd2bTL_EABbTOOFv0cnkvMGYw,7708.3342323965435,1.0662297036808277,38.91537319433075
6290f1ab9a79474c266aa6b7LyejEQSgS4m9Yk6ymHXNmg,4483.056658766113,1.0528697781656358,26.186153735760975
628ad3629a79479741e69e75aNJS_p5fSmWKJu6RPmv5gQ,5401.76230643435,1.0602918319255943,33.730161480368665
624148ac9a7947c44465dea6pu2IG6NDR1eeb7aStrVF3Q,55876.17789050915,1.1379440373843368,43.74217777470182
6253a9459a7947943e1c8bc1VEOBCQWMRc6BMkbHwHDRDA,5648.015288756208,1.0605440178632475,29.145256337956916
62854c2e9a7947957f3af4a5ARsAtU2RT7uIuwR3ALyL0g,7017.958108395189,1.0570071600995201,28.881378460407912
623eaa3b9a79472660ebc278TUurT7aiSq66CDbzNmCOSg,200036.8206554181,1.110309467728311,23.193340198597788
624ed4d29a7947c0a211cfba8snprsNrT3GeclBlyYqpKw,36482.05225033791,1.1411734786607304,27.840752644715256
6259a2c29a79474afd7b62dd0wQREMYiSNm01K94OlMr4w,7218.642346042575,1.0533601710059253,41.40597288279777
620e15ec9a79476ff92a0077aRK06pENQ7yooMS56pK40Q,66541.84832706026,1.1011673414904803,22.20316316398465
625173aa9a7947165d1223d4J-GKvQgJSyGzaPl0nhSwpA,9855.981734533032,1.0625570496957195,30.209342813254626
624665e29a7947244fe3603c5wmvALEnSH-pDKoZS33Ydg,20848.102251894987,1.1702900286595,44.80479836610159
6286849b9a7947082be872321d6CACvoQ-aDgdx-5vf3wg,10596.53730415697,1.0563386192348976,28.308970573448175
623b67cf9a79477619abb921alg_3F0KRIy9XiJx9oLalA,115291.06392092057,1.1035510224582157,34.76753103358171
6257ad519a7947829062301ccSLCH-Y4RAafhuz-WaqWkQ,8664.529481874768,1.0648749666518231,42.43995068581846
6264d47f9a79470b2945556crEz8DJK8TjejPQbOWtBKbQ,1392.8685568865349,1.061628866434658,41.63737258996464
620d757d9a79473f234cbdbeuR1zB0yXQQiaUfzyU_vXFA,7039.084312479022,1.1366221775628138,41.81957957882655
62097a1e9a79473ab96aeab8etUfhypLRh-ASf3Tw2yJfw,56365.70603739603,1.1293415619614124,31.490816764592914
628e79779a79476ac625dd99zCgCb789Th-mozu2BmMtkg,4931.119424972184,1.0623894224720212,47.08903375311679
624d81909a79474bc02f79ebs38yuP63Tuu_t94uNjwDNQ,19302.00075316729,1.1503745533777752,24.892757294250767
624eae019a7947ad7e00093f9H07lHaBR6GavWRy3dr6GA,14596.957453014105,1.1968995688974835,38.90859381403513
6260cf129a794742285eb708zAywGLKYT3Cw62Si8Hnuaw,3959.8716218657787,1.0581705217496524,48.992156394020974
625ae4909a794712a65062a2fJ7wHFAgQl2wEUDDHKt4pw,29425.884136788223,1.0404225894935897,32.351842466414055
620d0c6b9a79471b27ed8afeLHzWkxQPR0a-jtr8TuOh8A,7024.429375448349,1.140786428533806,30.708106313737982
624edcc59a7947c4af1e18457HPyoc7yS5CTB3Gxkw9b4g,44591.79493800716,1.1550492048438417,36.09613406223968
624160d79a7947ce5ceabb900gDmXSSLRw2bgIhNon9D-w,76144.06815623963,1.1252331384913776,34.760591173065336
62754c869a794797b0825ce0inZh5uYwSv2dda4S7Jb8oQ,2322.473162448801,1.0495354805142856,29.344442771249934
626cf7499a79474b1ec06049ujpK4O_5RfigkztLm57UXw,23364.602795828043,1.0414727648080135,32.7338149896022
6269d95c9a79473a26a34b0ajDQr2SoyTP-x1ioNVzK2TA,2455.9817423978766,1.0404277851119073,34.827305554602816
628ca7359a79473a7943ac50XPOpI97XRyyFxDP7g6fS7Q,11876.864827163356,1.0607443888241974,30.489205092757462
6277c4269a794724f74f8bc8Ym_Zpj_ATH6i_LwS7fEmSg,13110.852548560344,1.053339580620497,30.034798472395625
626148e89a79478eed1c081aSD8BE2eoSqargji5i_U9QQ,12253.335603505231,1.0506261367838035,22.802303980982106
6204f21b9a79476340076099hCWHG_r5QuC7_vEIDy4UDg,17720.217055439312,1.1154030862019249,33.23009480237913
623f3dfc9a79474dcb12e820Sif7h9PXTyqAe69Im0a8XA,45910.04685998396,1.1434793611237262,42.49813906193479
627937c39a79477eb1b4f582BBC0MnUhQli1RKOMlMQX8Q,4296.908136544892,1.047584583751944,29.599145961036896
6273d82b9a7947155dd625570iQ9k56VQS6qvPmSotD13g,6645.013679057613,1.0558368553475006,32.0936614093159
620fef9e9a7947b2da4a4de0ssle46FZREqmBkDSi3oQXg,13634.724578581756,1.205681287884083,39.504825943608445
623ae2259a7947366af240e9K3XX0u9TQnOebtsplz5aZQ,243060.60706734363,1.1085298905381398,36.52904777723922
620a27a79a79476f8e9dd633a5myyrPPQbyTwc_VFyX5CQ,75880.14236340651,1.1165708799523155,31.043616078733823
626942ff9a794709f6c4b293aZ7ks7kQR4mLXECj7GFeXg,12638.234264126684,1.0422055494445013,23.748005453033475
628514079a794785d74349f1XBED5ETgSf6iJ8BVdt7vbw,23314.974484638624,1.0571888866655106,22.695186798790445
624409039a794741d8f358cbgHBHa1AIQBq9XkSHo1jGFA,268335.418173649,1.1137975364258352,32.81768744149199
628f799f9a7947bfd592cf60KtM1monETRCOI_eriF0s9A,5253.353867161592,1.06148916070258,28.779871015788974
628f0a0e9a79478b30a4bab4sPfKozPuSv-i4mUgIzqKBg,18199.524000567308,1.053060544902919,22.915525139613766
6203c35e9a7947fe8b819d55gIktMYCLSo-24ixHNLcmnw,8481.331025372112,1.1512747831305858,34.273039173010105
6256cc929a794741dc4a5fccGEhFTF8iRfScyqoMDkdE3g,8686.916575334075,1.0673869539059913,26.797492485219227
62465ca99a7947228d9390ed9SrfvZMDTgC8DuQj7riZ1A,16701.959621609873,1.1381995195557935,40.171298222212336
624c3f8c9a794764d26599e9exWaNqt-QmKcchXKQ-8KNw,44635.8962955865,1.1595677682307923,36.484696640701266
626e42c79a79471452f15e97xfLXlgQQRGKVdeUBrufB_w,9735.886026560736,1.0639872940178785,28.969301909638926
61fd32e19a79477a34abd5f0pNzZZHarS3GWX5knpGOhCg,102346.84154778325,1.2257817812803968,30.03568705768699
6240db0a9a7947ace964263cRBXIuU2nQqmAxPsF-_K0Rg,64432.529268845734,1.1402198513916508,47.4445083321445
620e705a9a7947213af2df0bmMQT7bkLRUGnY1FK1x-_3A,29432.274278965444,1.1429274065944273,30.215796965862545
625a79b99a79477d12ff9c1918yp96AiTQ6Mujki5M5p_Q,5688.037729811183,1.0518275389775487,40.65999180945908
6284a6219a79475002e01d1a9pKW4sbTSx6NAeMp6a_j_w,10378.555126126063,1.058599417475487,33.19989910781102
626a59149a794760d216e849-87QrvTzTA-qKKzhYwoAlg,8407.29667253848,1.057238981492166,19.03623902230239
6249fbdb9a7947a0216bec70GMZju4ipR4qvSKdz68XeCQ,8744.851154585222,1.163293485269691,52.651153223692255
623adf7a9a7947351fd4ce74-MeYOzDJSdSSCqCrnu-BxA,15445.209415438698,1.2014758278456181,54.66137773094454
623cebf09a794721bb757fd20PGJl0Z7R-WPMkd66zV7-A,49993.63596575491,1.0985875378406498,33.364757350891374
62558f579a79475842fad389T85C-EiKTZm885h6thKwrQ,10445.23144308618,1.0652863973281337,25.698468309338754
622e2ada9a79471d2c4de0b6gHwPxacXQPmhZhBsHOOhMw,21901.938915707844,1.0779341623213035,50.4933432830788
625460419a7947ef99c4dcdeaUFbWnVpTJ-tlnvBGKPRSw,6742.774740194203,1.064905592846217,35.407186943836756
624c4dad9a79476c71861d7aTd_6tJLYRD6ZPVH-oP1plA,17839.584621854396,1.1443162709854608,32.1380036005384
62751dcc9a7947851e42813bniq1WDDmRcWNfKC5qlIPLg,28377.119392427172,1.0491067374950491,29.352571687223698
62873ab09a7947361f0d4872EBpV3l9TSluZHIMCZLlZqg,14119.157599294962,1.0629041544504065,33.25528159815627
628c9aea9a794734377a99d7lw_2JNcLSv-VlkrfclfzcQ,7053.661777980022,1.0746666645678946,37.72348687915964
625d82d89a7947c950b744fcS2SPDmkYQfWYgEmTFmtT5Q,9577.128973080664,1.058128314138259,15.427476782186057
629359c89a79475238e4cadcXxwrGFUpQ_mLMCDDJ2Yigg,4750.440379894013,1.0509897477990395,31.77798887002514
5e2fe9459a79479d102bada6lnD2EcP1Qlef6N3JEHANJQ,286334.51953400264,1.5733261261596656,15.900429070604416
628a81819a7947887aa1746d50tIkSGVSf2O8XQgk_uaHQ,6317.094302480409,1.0733026311002072,36.72539366939341
625aee0b9a794713e0545e3enD34LgzET1-73x3wxrkfyQ,5903.847822851772,1.0507582635289376,49.72657655432232
624ecb349a7947bcbece13adG1HU-JOHTQSSOSBBaV4bZA,33609.56641254945,1.1648644028792574,33.8903227399693
62397cbb9a7947b65c21e286-ltu0MeZT7CZieU4JwjF7g,58961.572684261024,1.1363585180091467,25.059444410184046
620118e99a79470832a67b17C-sE-Z1lTaaLKkJ2uuGDKA,10287.77893007203,1.1621166239558178,38.64743652696071
620683f29a79477ee86e8ec2UuiLwXLNR7e3QJEiYVC7cA,10975.531181548711,1.2172815604608676,50.69487955612858
6259b4709a794750be7320f3YLWdoOf_TAu-6-7lgFSB-Q,4792.497300334632,1.0580903227983438,26.416747097054845
626a37b99a794753bb1dba09IdykSfPCRLiXs9HX69OsHA,7388.173676360796,1.0484085833711494,33.31691980192836
62694ba99a79470c69f059d4Ow4lAfdiShajb-4F2D3Jzw,4126.100736208756,1.056679390609423,39.880509515280984
625966ec9a79472f01e349256DeRaiR7R_KS7f4ElaGSiA,5639.301377834506,1.057018990718226,38.381352812068606
62723ae49a7947fc4f3afa9dM1EpCbaSQcGC-_ghDFrL4g,5098.119605876449,1.0767057557335173,42.073805980998145
626b32799a7947b6e41f966c35I-HZ92SnCbDZaVMEs9cw,3731.930980399674,1.0464391249929796,33.69589107061014
624460919a79476dbb8b7d48MnANCCSwQjy6Dg3FVhOwzQ,61652.98263272238,1.1359416986087896,39.27292986210686
62026f5b9a7947818692d2734EsFXX5sSsKCYzXvtI6h1A,36041.73239336894,1.1606471002914216,18.1875393462061
62754ea59a79479927ecb5a47ux-vVmtSoCrv7Hb6fAiBg,3919.249468842999,1.0506924057781877,35.14339315642494
626ab6d39a79479194e49763uy0ZMKUgRMC9NxvMYuYLFA,6600.869326143175,1.043845046280791,32.56413909897133
61f86c909a7947348f6703f4qNvfsL-PQGG1nFAi1GHUmA,87377.54022838354,1.1318404054913318,29.705889465519096
624da8e69a79475f2119a4e8SDIbyilIT6WpSo5IOg5efg,19078.792983003044,1.150846185583855,20.857442936557753
6281fbc79a7947e818b67e610mrsRJDfRsuKwOCzw-Bo8g,6381.572383182723,1.0712542049924885,42.356264702009895
623847729a79474fe20aaf13stUEs3jyQoynBLWZjlK3uA,53940.08981991516,1.1422241463639875,21.264044066063406
625fe5be9a79470dc4d53c55FLJSLVhQTFm6GhKg6c0u4Q,23773.85610686646,1.054425576494063,19.407180646875272
625c5eab9a794766b7bd5164t3jMZFhARsuXJy2LCOd1DQ,2980.52974680501,1.0478176444737792,32.60005744935898
6204c3af9a79474b6ddd6e5e9pecN1i1TfORyylRNkTvZg,16873.65376338973,1.2429059288376583,54.2909565208637
61fc49d69a794721198f7eba0fsIZogjSuGawTrA3rKFKw,11113.582288322774,1.159761681254991,37.55648939228419
627e20a39a7947761c08954c74in4UhWRhuGH2ORoHT0vw,3878.947808057294,1.063697574945218,43.76614789545625
628f49389a7947a6758c0f51RY0P4gNzSL-bzn-ZLjgcDg,6143.162123530286,1.0611338401015724,39.220829773414536
623ab5e89a794720ae23e0c6l_p3aIFRSVq9sxAlRreibw,72036.12339207901,1.1264199206509045,32.90420802486129
620547e69a794709494c1f19bXAYTd7mTQaZUEq0sT15kg,99238.24840087701,1.1389677069279711,30.925573205676677
625e884b9a794718616aa5f3WVDt2GBiSribPkXNYhDsxg,25109.088131679546,1.0516918281687402,35.84571148802695
61fdde359a7947b08e3f55a4akPvLhSwSoSShuzw1nt4qw,8046.147341902221,1.1442447062632521,36.900418060379785
625958f69a7947283747ef33sV4gklB5TpGiug0pXSe8hA,4991.061515141052,1.0502587283525175,42.38587002796927
62577af09a7947782ae31220Fw1krVUwRy2-ufYk5F4TsQ,36508.81646614399,1.0526969926489533,33.636823635472766
624524e29a7947a404dd02d5FpLAIEcxQLuCom6YAgXh2A,110152.5117069589,1.1698475145825364,45.9503326722447
627a05d99a7947252502a49ef52z55rRQFeWBniCVmhDHg,6483.19630675298,1.0648408322431249,33.505000678351436
628440eb9a794733c4bd14bdnSnP_ULfSnyfie23oU_q_w,3994.4130337816396,1.0558289309094098,50.72247105642294
6253dcf89a7947a7bf2b7c89yFexGs1MSxucMR6wLN5mzQ,3572.9909763876904,1.0702123467696114,42.51026115847235
626aad919a79478cfd69b87bkQS4qaG4QgeY568rRiaHLQ,6294.706043185713,1.0473511574223326,30.7530860387081
625c140d9a794755f9ad289cxpfyYpdKRRi7oOr-0IUSTA,4804.545540059723,1.0486615083422153,34.32820526251316
626befb79a794703400bff8aBhKhM0ZRTvycThwECkZcaw,3427.579904867543,1.04392985367657,22.14517906759692
6204c65c9a79474c88455051xMxkWattR_ewhI94MWFjLg,48339.88655413086,1.1370317917512098,30.533681942784042
627bf5f79a7947badb66df74BcBqCgI9TTSFdhGStuYMDw,3686.2064650479147,1.0714653916296184,37.96779225351331
626c9b729a794735dcd6c0cbU29zl5fPQLKIYnVn9KJroA,13079.485380758204,1.0429419252178869,27.154189426741656
628efe459a794785008286fb8OPzjHW9QJGNZoP_GU96JA,7652.88758727314,1.0559637079274704,22.97155041873901
6290e3cf9a79474490024aedNJfgJIXSROmymAnwzhXLyw,4240.57504466874,1.0562607394767392,31.260469380782695
6205566e9a79470e7400c151AOaze8W1RyyHbpFsZyFNRw,63370.80849429007,1.119106708489971,30.338657964738267
626807c19a79471d3e5fe8e16SE0JWx9TYi_bzK_VA-5xg,14806.001235256697,1.0482922049018655,26.51106439029863
61fa5d5f9a7947e675dc0da8Cl86Zt4iQzm73A6KH77KFA,8897.985991593652,1.1582102682186448,44.94458405893929
623da0b29a79475ee7b3467aiwowjIHsTByYZGDI1LTEdw,21859.530682187356,1.1439367736034096,46.96093581748901
6253bc409a79479a494c46f93-W4n64GRSO3iTT9zMnlpw,9898.151330657622,1.0718291865058245,38.722633820447356
620e5d239a79471546b3d229CRMnLX-FRYewASmT35wuaw,7739.103980022713,1.1752681686074906,38.93873979976941
62607f4e9a794749df508ca0eKybWZ1iTQSUG1HfauPwmQ,11859.202450345665,1.0475409787544878,26.92026977847943
620cb7b49a7947e29eb0a403dIK0vxtnQ9-hDNt5o7Ftyg,13149.705457942122,1.1835953652922437,44.11554304574432
626b89289a7947cf3e4e8b54Q_G9BqEdSyyDvMTAGyXQsQ,23067.60855008673,1.0495491397804215,36.81267573818041
624b31c79a79470c73781925lB10IMPuTfu50sz_TYiJFw,16993.85341070733,1.1858547610149577,41.351012781258554
625602a99a79477ed39cbfcceK8bfNebQKSgOOsJ4tV5uw,6329.5222818490565,1.073000468307461,25.89530484226515
628ca7659a79473ba9b1f369y1RcBhYNS1O-z3fPHxEJrw,22663.178999725096,1.0600389615635084,32.729749746772214
626a79cb9a794771ae19c57bXtQdZsMCSH6Z_Wa71L6zGg,8613.702681413262,1.0446724862528112,25.316001208232443
624c3edf9a7947648069a0fb--Gw2xeSSLew3P-cYpuWjw,49894.97109104492,1.1996145938478044,33.18599128693145
627675b99a7947dc054c2c88D5UjZaB8S_i_6Gn5ro_hoA,3270.6920686475637,1.0577445423149743,27.994486934875514
6247bf379a794717f5a260f7QgMYPepxSxus6ThOtVMCxQ,13446.221077839748,1.1949394875799684,35.73599574414221
62823c869a794708d2ce8634GBn3ze4UTsyvC35EfQs6VA,24303.872170988856,1.059896393515681,18.838583445247167
6203ce6c9a794703fc69ca3eq1hwqXgxTgS_Y7-N3IYaPA,11630.98617677667,1.1380810800169687,30.23927123084401
626a51d99a79475e1c8e30e1k9Or9Ug4TD2DrqerLAds_Q,6796.528884493851,1.0461078052326516,21.11526823278879
61f8c1cf9a794747250fb8c1SFJE6fvXTWC6tNvZTEuseQ,29443.643415603823,1.1582052455030651,28.23121516830383
629323859a794747604157d64GCEPufxTV6KqwneLP5CqQ,16137.837163629056,1.043746824626545,28.325204954809262
620da9e89a79474747ba88beHXlaiL_4Twm0RrTriQ-FJw,10339.827487011547,1.1705703440805766,38.570198333008804
62385e209a79475b6fd75192jgo7UF27She9PsQFxnuJhw,23393.830632191555,1.1398295354587917,28.936119890187097
626aa5ac9a79478832f38ab1GX2gXUxvSA-QiMN9xD6nKQ,5254.12049222316,1.0474200152483715,29.58253018674589
626e73119a794720f2d19086jY7BAMZ0Qs6RtHEuPeKPqg,7790.4815775165525,1.0685487921549048,35.398184502549654
62613cb89a794789b1a5fbc9VYT-rkmuSpuFDAzLVATG7Q,26510.073488344453,1.058401044177047,29.843594640029394
628f7fe99a7947c6de5866d6fx5VmlUOS5e2VSzSYnRvbw,4363.604251552738,1.0558476662779062,22.673190204782355
628255739a79471683123089QnRlXAnpQ3ebxiPjX0RWtg,4684.2654377042645,1.0679145739788902,40.323524475415006
6250444a9a79475045b94ddbJuZ2NmaHSoWbHEw_G6f8LQ,12476.628265244535,1.0758698229150838,36.80301212660888
6273f7679a7947233556d313Y-li0nRpTlS6Lge0CN3prQ,5979.0730403089865,1.059198326415007,36.5559847270841
627448f89a7947398a02ba24pCiuV2nuSCatc38Lqk55CQ,4978.1513863226955,1.044626002128876,27.70794009446004
627f74359a794756f5b9b27cRGYUUqgQT6eI__uLAxu9Gg,14027.876160373604,1.0541233757115251,27.421117018928392
620a4c349a7947857648056cG9zN5NZETm2NzTX2EkmBpg,17837.375681615777,1.1734436720206038,32.51686666661737
624699a89a79473501fa15f9Isqnqhg_RzqEAJ1rg-bNAw,11615.713346508384,1.1668522257746725,45.57422189632596
628b7e1f9a7947d960469ac1ctJWv6gBT-6SmBseMyASgg,2973.9096889732855,1.0635599266993185,57.77890347726226
625733a29a794766db0a8226nRqXrIucQ46i-nJnu9rJbg,3639.979879536364,1.0594374624251988,45.477308606572514
625041f59a79474d2a695cddNLrolR2DSGiWTO5hfT_xjA,44465.788037867875,1.0735326593547858,31.77568203446638
6245ddef9a7947038574a88a-OvyLGGbSy2CF9Fj3sC6qA,44034.89847526394,1.1231542790471176,28.7692005362256
627e23bb9a794776c81add351M2j_CvDQvec_52RW1utxg,4264.051691407458,1.072403381625885,38.40104130975525
625ea8e19a79472a06f0582185MSN7mITfeDiPaGkh347w,6004.37119940414,1.05314051725687,31.260551815564707
6267e0d49a794709a74295ffjCzJUNgURYiktTbvu9rrkg,5258.25715565258,1.0447550660141527,32.5706480230218
626e85789a7947258f2cb71fOuYIUY5eQHKvYAr4LLVjWw,5780.498602373159,1.0714809214810586,33.57313532872589
6266b8c79a79479ed365727cEPIVdm7sTTueXKUbcev0qg,14271.971625923312,1.0386912606840533,19.855186539838247
623b22709a79475a7f05e6d33Pli4iFlR7CDb-9BFQgqQg,49548.61242539786,1.1438781147216035,32.119547579249364
628772e69a794751851956a6PU2q1igMRj2uq_KSwtpWCA,8837.426794957099,1.066199181034074,33.926121335173576
6253fd299a7947b95402fe0c_cDhkIocTGW61SI0By8UuA,39496.56583860363,1.0516589834434336,30.3150110485155
627e791c9a79471c4ed7c3ea66Y0qkw-Tli0kvBeFN4m6g,3453.409153666707,1.0611770611775124,36.21867756596696
62909ddd9a794723992424772-wzjEl7Tk2S5tS7MGg_8A,5281.410762875177,1.0998568058451996,52.386614827041335
6289fc0e9a79476a90d565e5RhlpXT1lTS-1LzCRmkF7zg,10149.099604086874,1.0737315552954503,35.68364216899732
620801759a7947e34787e99bJqLxSwbESBOolHLTmzBMow,11095.910943830902,1.1782477860959046,45.56130677141157
6281cd009a7947d6a0679b1eLDtdRrC-TIqQ1dDNNJ_ETw,5119.686251396723,1.067613038592917,44.7247872659627
61fac3009a79471bf28cb818EfwrtrX1S92bvNbsjIoZzg,15047.649106486486,1.1916043661605509,38.85826069700637
6291a14a9a7947773f61907csd_MN7IZRySjh7acXt-v_g,4911.004286548057,1.0550258465135014,41.465855425541754
6271c2149a7947d5560d00720d4BQkXwQjuRjrRZWToq3w,6277.811336469458,1.0615112917933864,42.580623594345795
628cc3059a79474a04789eb9zeKgj12aSe-v2LdpnL7LRw,3905.9519639597597,1.072216011630345,33.21016040395458
629214e59a79470c07f402fb6fFVQK79TH-_kCYYECnlEg,1527.8240430715189,1.0554848856292807,33.03339319799869
620a2d589a794774473c62a06ZX2AJFTSUGxKldgBMd23A,13167.04804326613,1.165143333489883,42.492439933082416
62520c2e9a794737a76ca198NcbCw8XyQvKIpPMxxCqswg,40893.69778538523,1.0606362294595453,29.29321103881121
6272c0ce9a794738b7c28bfca4w3WaHuRVKaq8_c5nEY6w,13400.071041028554,1.0545778225843956,33.34108705832834
623d98839a79475a1aa77b922hZ1DzWRSyK7HrV0ZD-Uyw,71314.87966454071,1.1452059513334023,39.64760111073897
6249f6c19a79479f591e611cAVL7C-FKS6Sy2KU0W3YCGA,28516.885044900107,1.1854246017481043,49.45049735798295
624e9d3b9a7947a6e8330787H9Tp4xKwTNiknl-3G9NU-w,80432.52865738618,1.1704416901011172,26.565571981659552
628621789a7947d88d3b3099SaXJzQPPQIqMFKDjBsw4Rw,11693.511606501548,1.0559826302675603,32.425601214879286
6283f60f9a794720c6779794w-cxlXkOTmGTh3fuGCYJyQ,9895.386547857666,1.0568601068553432,32.12514105812636
625fcc0f9a794701429f860fFkTxLV5rQn6hpL5Nfa3QWQ,11400.891364022425,1.0518072151946594,24.014732547422675
629139fc9a794761202e2cb8O3-FPIL_S-S0hAEGfh1hBw,2689.0291819560366,1.0441761715170523,28.296276070164765
6266bc879a7947a0e2c1796d5D9PBpMhSmeJYy4pC9hG-w,6787.9524435007015,1.0503249266328545,31.465408408696238
62629b329a794706e029aa35oWBf_BUHRjaKiAx9qXrv3Q,5700.678018646949,1.0654579305396303,37.07691940440084
623773de9a7947120eee7d9e4QurOOouQfeK0FGcpqAvyg,2107.267875023074,1.287962313482929,40.854961781342496
625b6cf29a7947334a7a9bb26ohecBCUTmaci7hk5KoEtg,2357.93783235671,1.0446689259142954,43.45063396248515
620270bf9a79478469edb247MxbBwqRmRzCA5IWFCwImkg,35947.539464329726,1.1545869640843283,33.834380778014555
6265c5379a794747dada9cd4KT2lLzhCR9uNRiNFVKBT7Q,2889.0385313040965,1.0508207185432368,40.91796583595609
625f04fe9a79474ca1bb8975GPFu-iP8S321gFGlbKvF5A,6458.093327710623,1.0544416963038483,29.102469825838636
620587219a79471c77446507TEi3ZG79RtyomyCuXwVkTQ,17162.107724991452,1.2310484432102986,54.37673057222107
62024f039a7947721e5edc4fFcJyHDRbSHylVDOv55Aukg,87696.77539219131,1.1367110824117355,28.01093312146113
6243fd209a79473bc29e8c3emB7oF7SeTZi8R9m-9zTD1g,20292.204350305437,1.3814962737077288,56.61926210264993
624ee8c39a7947cbeba3b85dJD2FSmxvRTmBgJ1KQuo85g,8159.958314718349,1.1487863477814635,37.79580675501206
625d8edf9a7947cdda8f1aaadnxOlt4FR2-doBpw6QAtZQ,5870.09556108915,1.0529596412298081,33.34456611695513
626d24bb9a7947584bba5dc6QyfLcCq9SWCho0iyRUba1A,11440.8463934133,1.0448263497160055,28.432319112144125
625d497d9a7947ad46d2ccd13KmsCHxFRcyrAyIuq4uHXw,6285.583992981188,1.0584332084844696,36.45320547678584
628f601f9a7947b316463996ey6J6HSkSXOJI0VRMOHOVQ,17050.644156322298,1.0654928922166103,18.833410419960963
626a81a49a794775c4afa615l3sKxei8R1uEOfMvzI9I5g,16046.012923952156,1.046870634512872,19.361546940228035
62828de69a79472de4804758zwlIuT8wQ82O3HcRZ78S4g,12781.044218239944,1.068456295085555,29.974456866406577
61ff8b9a9a79471436dcbfb6VJQ18AFFTDKJ5iOn8mJ0tQ,11994.52123502983,1.2126081410829466,37.82466606555751
61fa5f319a7947e7e3dd8b2abq-iCMQ1RJOPI0FCGmghgA,19650.980374851253,1.1649645145731546,43.38828013949096
62046e079a794732289ff3b6Nw1EKxNQSmmLLHmRzR48Ag,18115.62906537456,1.16152801785772,45.48333240269737
628392819a79477fd1c5d556fzbulpOISLugo-58V_5Giw,6094.807360746274,1.0593807504848876,28.05125479652059
61f9d27b9a7947b700f306814lHhcYgxRmGml-8A8BXBDQ,6948.395236284587,1.1471352244965756,38.24415387237423
625701e69a794758d20f6dcd_SX-iOnPS0-ewUOL96IrsQ,45602.64158548549,1.0577206344778214,33.38374601912998
620e4f219a794708d583e688UMo08cRZQrqbnd-CccMl6A,16529.668670871186,1.1360401127936444,35.85781924610588
6274e76e9a79476ad7e4eaf1NaFd7kElRi2YkNhHCdzfVA,14629.241697763133,1.0610060424473904,31.776740156151615
628dc3ed9a7947138a77afb6GCilZGdgTE2LLyMoesnp4g,6260.318820798975,1.0630985356998839,36.067935123241895
627fdc219a79476ea0d8b20cZgRePe69Ql-A2U9y7ir0Rw,11435.548891513054,1.0569986569499092,30.173340042387803
625d5a4d9a7947b572a9667eMPWNtnYuRw-ttIlmzUYgRA,10063.782613776066,1.0544696577713897,29.171178271109206
627b5fb49a79477734a3d7fcsutJki0KSrOqBFnIqaQoVA,5145.175485037789,1.0673655684557917,36.71555316966705
625771af9a794771c6251aaahfSc2ZhCSH-lOKsB-Qwhtw,6388.815114893477,1.0591813669980454,44.926130115300836
626a9f2b9a79478528a173f9wNyZMhuGRkONTopfYWfBdw,5075.720875466609,1.0480015178644702,33.277285425436
6244799a9a794778db9f59edVDJ3-kAoRmGNt0UjPyh79w,98622.01168845444,1.1236574090060838,37.62180198846284
620f5d999a7947692119e412hAf4Ju2iT5mKuqzQ0FDt_Q,14188.170234253175,1.1869187721691334,39.1580356175715
628b18c19a7947a8acf35d9cykB1vQpcTSiOloATZk2XEA,4576.324543849535,1.0686902854682223,42.262707350246124
6286b9d89a794715fb733146_JvNgdrtR6G9paWpKHzavg,5184.246543497528,1.0524908055904603,40.84868711934811
6246d5ef9a794754821331a1YlLeUiCzTrGtomoY9x1CJw,24129.54884987947,1.1613172057653938,37.490411595185634
628659109a7947f6b0158537hvwABqW8RC6sSQh1ecTFrg,7699.993388834127,1.056424960483312,17.448456980547434
623de4c49a79478026d2fa6aVu9ZEA6aRXeWuFvW0_TmkQ,56697.78700974603,1.1349743901008524,35.01885742673952
62403d179a7947863d0b5dffhQWGlfkNSi2xKvOoh2YNSg,336783.0102334748,1.1032398317552874,41.905259046662586
6245bcfa9a7947ed500e90ffEuC2SrHEQvuc5xdlyHljiQ,48944.60754194682,1.159731441825756,33.74153570204947
6262b1479a794711322b0102RFgrS4reQkmrLXZWG95z8A,5761.92965611703,1.056162947075761,26.58171703575706
626462fe9a79477ec64576d5Ft1UrGTCTJ6-FTkKESP-FQ,9168.136891885068,1.0559767756693452,38.7880305997701
6245d5939a7947f93839ad54x0H6gVTaRtCPakmvjPTmqw,35939.856491466875,1.139771580724245,38.82793385936229
6201d1009a7947414dea03b3opLU0av1Tk6YVeYHMJvW0w,34121.10958940983,1.1721939313937122,32.90664435414911
625676119a794714615d20b4HaNGranpQlqwlz2mn8xvPw,45416.67184230633,1.0784376202824877,40.5518255010112
628741e49a7947389a32ef26o3ze15vjRFe1hLWYDTG65A,8105.134925225026,1.0680975043359733,36.56899316875797
6257265b9a7947639a7ed0c64i7L48NAS_u6PwWF1I2F-Q,6117.141175929886,1.0590088272294214,34.641714521042985
620a55f39a79470581e78fddwzOdKsK4So21K80fKiHtwQ,20110.845519087456,1.162186786557203,40.270866778301006
62013df29a79471a370c50eeCSTkxaETQeOpH_ED_Z55yQ,13198.271839586976,1.141592195325941,33.997350733652645
61ffce309a794726148e8460xHtPgnIrQqeEhv7h1PuTkg,28209.48662359723,1.1690267615857919,45.38004302939175
627425bb9a79473047450e74Sx5SrzqETNqVzE-qPKyyGw,6558.7425285794525,1.0540974510456604,26.87701010039745
628c33a59a7947124670b6c9BsFn1GbJQg2cjBeTAkWS1g,3633.27124088394,1.0659071305461214,46.390439845676255
625944e09a79471ebd8f03acJT9shWlyT1aVN5_wE5rh3A,19363.645341814638,1.0551206716278372,32.61661176221789
627cee6a9a794708c384a8112YauC55bT3GIuYbKVMeFvw,2512.061896257632,1.0564580402960726,30.975060765351355
609d47119a794795c5f7617dne0dytQISHi1pdkZ7YEhCA,69463.79102285385,1.0710617810278562,29.6235607517747
61f8ee689a79475a62a97490QiYrUTh2QkeWYx_8tVs9Jw,13677.880600564013,1.1427157431415664,33.600629448890444
624ed9e09a7947c2d7e20e5cvYqPTBBeRgCt0BD950D1Tw,11912.101894855474,1.1359353070904106,32.50356058054979
62092b9b9a794727edcfcb3cnDFknEnUTFKm1z95ezRTUA,20850.344460114044,1.1453966271753695,32.91185280792401
627ea4339a794729b5a31304-125RjYCT0uaS_TS2dBPlQ,11060.834959374792,1.0575584752297071,31.679021953109686
61f91e2d9a7947764033d0725DIHJcejRAyx4aeEGTL3pQ,14840.7783114919,1.17305163125774,46.34745381432878
61fde5dc9a7947afd6ae45ac4c3xVOmlQPiBtYKJBYYvOg,7690.477723478224,1.175304097589902,43.76011700063944
6281db4b9a7947dbb52342674i51tYpCQqa7NRHZgq-SHw,27066.097940560656,1.0761934054417437,28.798563814524606
627cea6d9a794706851a2645POeqFaVWSEee26sZvqzBFw,15170.206463843797,1.0661456614476033,35.607719717626146
6239e3379a7947e92426c5006O6ynlm-QhSX8IBdnvjQ2w,79753.54599595176,1.119269650491518,34.2939874640877
628f53d69a7947ab65a83523GMCchTE_SSKRZR_4ASB9lQ,7624.132294708807,1.0620124130506925,27.082807184071182
62509f499a79476cf150d89fwQL1tosgShagMiwOqpBnsQ,11027.515309685246,1.0754983824952142,36.291926910813565
628372f09a794770a9ae4ce6HPta6EVXShyzBmSUPgWo2Q,10422.856143525178,1.0602992733043992,31.747639292432947
624425ca9a79474d8ea6836dEXELbCZARXqMsO7phHCm8g,236476.97065029308,1.135399755076216,34.009655865949235
620cf5dc9a79470d7c3fac037h20ElaVRIKcyi7-eqVwDQ,9063.180945593156,1.157552501291098,38.269897895805386
625f2b6b9a794757c32581bbuIgzZCOPR0ir9KfHtb9ELg,3196.9437613504715,1.0502473929865495,42.536672762964066
620ca9279a7947db36316745nSA3v7MbTGOhejX20NKLtg,13626.117810274354,1.1341985689141463,26.734892455952146
61f902c89a7947675010a95eonVkuG_uQL-JcGZZTU8c5A,15629.42202720867,1.1795632664024394,47.767131950347235
626a8c949a79477c97636d55C2d8BMtAT0mHZVzuk4z7fQ,4739.729013184664,1.0485989956108304,31.820382211819247
628cca9f9a79474de6141fbfTEHddiTPRouRol2j3vxDNg,3401.133969709647,1.0655641563164504,37.59193130255337
621099559a7947d9073bdc6fDNcSoxZpQKe2pRJWCSiphg,10636.132536219297,1.1657200021420224,40.987787945413416
6251924b9a79471e200a21d8xJ3YP2tzRnuHcSnaI9Tzhw,23054.59697080254,1.067495102098297,32.72958852258227
6250e0989a794776b7a9156cnxvwl9RcQ4O-SBAJsL_3TQ,28502.614868663124,1.051728911997011,20.762535692726786
628cc96f9a79474d9bb0e6d2pOzjokgGQ_OtMeLSRcVAxg,5190.766924328491,1.0655904838642827,39.66121203181407
628e11c99a79473bad873344sCHVyf7fRC-6_t91m9p28Q,20685.68676232925,1.060578179123793,19.74726031894665
62570d629a79475cd1ec5b2eVgT8ejA9RYmBonXAn2yv6g,7160.10065919798,1.0706556091923047,40.494144197207014
628b32dd9a7947b3b89dd278WhdC-GYBQBu2pWkbk9hPaw,7474.991477733838,1.0646661392806078,32.34127312688136
6289660e9a79474855c128db8EAGi6dqQdOTVIdayMa5UA,3304.682312017255,1.0566114789940666,37.56537411155768
625636ac9a794700faeb41fcwWqItG8pRDylLuOQKwalvA,3505.9259366813717,1.060656455094753,40.58748005039245
629097959a794720dde3bb85-i4CcdcyTzuoqoVqwrHeFg,8775.220537531657,1.0631072125321848,35.01999357425001
620355d89a7947c59ac209789sR0eeiXRu6mADljcJwcAg,24860.4359782333,1.114154930658545,27.59724344330076
625f2e539a794757964d11advEI1yW_RShSCu4P3AQf7Aw,5052.892778668422,1.0451022255300453,47.06475853652742
6274ac699a79475085264d763isj1zxaTA-ymxjn1g_ezA,9555.337694335118,1.0524049315169652,32.04300059752126
6255941f9a79475a66ebde28Fs6m1pkpSPOqkw-ucL94wQ,17639.54267267481,1.0690631333430318,38.1511384672107
623e11d39a794707975bb11fQMpFJjQdTj2kxQBpulN_Xw,46227.263941955454,1.1428866344178616,37.977469568595424
627dc11c9a794754c61b0c003Pmwk_ooSGOmKK6U8Ss4UQ,25578.953748370393,1.0584784902040465,29.400793191986384
627b6aa59a79477ad8995f13aNJFJsA3TOGdNjk3Ul_k8w,7993.482550000638,1.068258350360816,30.639030457255114
624657169a794720505299f5tv_d1YNcRiq6GSq_AMNY1Q,23061.63345734077,1.1387738468474833,29.958954448199115
627786e89a7947169dfa224425ykPJneT1S1Uuhl-AY-Jg,7405.620251693065,1.0580468574975104,27.258262094716567
62581fdf9a7947b7a83869c5JT9shWlyT1aVN5_wE5rh3A,5694.623333984674,1.0563430477048117,21.528608215381254
62445a2a9a79476a01ea6c58HkobE_IPT8ayWX6AcONTxw,139895.08101824895,1.1123341976573229,24.696694737060824
624edceb9a7947c4b136a2188snprsNrT3GeclBlyYqpKw,37112.32705932602,1.1290225042464097,27.720349802575992
62462a269a79471993eefecd_F2rZMvwQBGvJuCbQmMEQA,37418.38732639326,1.143375136357922,37.740721931285066
624ba6769a794729ebd3035c4xk7uKNMTAafIfJRcFGCeg,66552.46293938739,1.1487712566106099,32.971189026042914
625a8a6b9a79478101249efbQSrHEy0_TEmbybffMesF7A,8037.999222751911,1.0453197638010552,34.17471842528574
6256d9aa9a7947476f37a1b3r1-U8T_DTH-ogNSd0q3Vvg,8469.927553644806,1.0610975893131545,26.006705718982083
626001179a79471b840f801aph0z3YymT7eQp2a2JX2SlQ,9168.952675051392,1.0613399154270144,24.23218564221024
62020ab39a79474f6a6c78c22EyQ5DPkT5y4tl-YPK31zg,47794.3974892094,1.160590533312147,25.84681671006657
629260379a79471c5350326dztM7xnnrTfK3DADAm_4Efw,13097.408161914289,1.0506374898108362,29.05978588746066
626246b69a7947deb9691984r1uKn3n2SiiaB2sfqyaW6A,10358.084483651679,1.053899068430223,27.405621560899025
62028e2f9a794792a117ae8ck9L_THySQk6klPmSUYmS3Q,53425.67587329722,1.1471366214210628,22.566396426493768
627791049a79471ab5df3e3eDTPBvIkPRo-R5zFcxkkdYw,6599.42415381654,1.0533703016008846,22.78280459212621
620334ce9a7947bba6db3f84Lst8ty6JSL2wi-iSlZuRSg,17228.555639665912,1.1286813163216423,38.727487291913064
62645dfa9a79477c0604a730Ed03c3_IRaWDRmEocoQ2KQ,945.9447302671101,1.0675735899321595,43.327476351823236
620f9d369a79478e0cabbe19h85vUy05RmajXM2DP630Jg,6759.132254984155,1.1846698294253104,29.89688108997974
628c09a39a79470b270266a01NotSLd_T4u4NmOaVfPMVA,5046.057489378805,1.0486966616960107,45.23182592877824
61f92bd29a79477e70c1db49njJOe9pWSeuW36Fe7tudrA,33445.45212970893,1.1640752949093234,27.344211314925676
627a6a579a79473d01044804qCvfQcJeRXuKqzkVgO2NAw,13591.705113085818,1.059763253438179,29.27854040865942
62668d449a794786ec0d9c56XX95Tm4oSYWl74fI6nPqiw,4409.425912832234,1.0629484741672153,28.469768135953263
61fe9d429a7947dfb0a68bbeONXMCoUHR56ucx1IUJs1EA,15890.754867780337,1.1622829914716597,35.672258284183265
623d8e5e9a794753f82c831fFS6FhOq9T_WoVzr_7oEfoA,340628.09237811976,1.1387597316450744,26.272056205081114
62469e3c9a79473825a4a5ecFdDGZtEDQ6WY5gPVwgYiNA,15292.35589298262,1.1850287554043228,47.60203604841823
61fb7aef9a794749d3b7eaadY0CRUSX-SgSfBbF-gC_iJA,26305.508180706838,1.1369588734209244,22.087808072369263
62062c549a79474f6a9cad26800dI0QrRgi0xoC0dnfZYw,10806.951790590872,1.182650897034307,37.3576146801109
61fccc239a794740cda767e6y6N7yKr0TPSe-oakLaGv1A,10421.487780632428,1.150037631782994,35.669797491092055
626bb99e9a7947e85357db31SuLGhM-aTEWTL_5SspagJA,3417.629132368588,1.0461876292787742,44.350170575768146
620087da9a7947521ab58888EnKFaoAYTiyPoc6WrEv_jQ,18180.124244140803,1.1570869918116808,30.954448499261737
6285e7c09a7947bc966fc027QyVHa7CASVaswihsB7e9uA,12760.285062247674,1.0584887964843668,32.38427131096583
626a44829a794758b528c9cbHbDTjUJvSF2bJ0m6Hlrkdg,6218.598348498935,1.048363867328012,35.68339068833492
61fd4cbf9a794786b43c3d713kPVzFdrQZW3smB3jd4e1g,25908.353199212608,1.1241752863901067,33.626403199627
625de3669a7947e4ed419c9bbGyNriU6R2KUnIwQ3fVVKQ,28062.114712074057,1.0446728076001606,28.654009857659325
6277d73d9a79472b696ef71784HQYH1TTdmyT-vk7VckGg,8068.721791574099,1.0480099996726373,21.29138103107864
62613bed9a7947890f906927pWphDW40SqCxycMRRM6mLQ,2729.018547157385,1.0697437134043346,28.06421002663925
6288e6329a79473010318e60QTboFwK7QRWb5u40FikjPg,4406.755667880517,1.0645208427978987,39.02562843844022
61fd37d79a79477cb8cec4d5Xzxp2sr8QK6JvK355DooXA,5969.19184336113,1.1579073293552207,34.49472441847191
62571bf09a7947612282311bPNBjACBZSFGz3H1T1wo47Q,4465.317623320254,1.063616636851277,34.761820889961896
61fc79a39a79472805d712f5i7_Ymw07TTmIduQ6qUGvlw,48365.144864572154,1.147295998422662,38.43726264550817
627cf1919a79470a5d9f4327kjlWK9LzSt6nbs2VHSO-jQ,8725.678823077924,1.0687076691556825,39.07842352586376
620ccbad9a7947f10f745a57R1avQ06qTciSOpiDHR5ctA,10326.113554510788,1.1362856735460254,18.13257922068974
6268c5ab9a794750ea161e42nBSUuVe8RTST0Uh5hlyxag,6088.6233079201165,1.0509828846284692,36.61348839296791
624bf3239a79473e81395842nluW8BGqQKqb5t7W3Vlfqg,13975.564104573348,1.1523663359004697,36.80143991682323
626929669a79477e96456fc4p7YLad_RTpOPailq3GmXmQ,14616.352004314766,1.0495433244785854,28.761653641287715
6283c8159a79471375bdc89bSa57NazzSwOqm7CRtmokMQ,6635.485382597233,1.0596690672896174,33.933789531453
6202962e9a794795f6a79de3N-nA62HhQga6DN1mX96PRw,32354.508569013757,1.1562122149654868,41.76996183362206
62039ab09a7947ea80f7f063I93GXxs5Q7OQyBY-mOw4ng,14396.168956074342,1.1596021261859044,41.11575636023052
6259666b9a79472e1a497606DK23HYUTTXauFUEwXQEeHA,9004.182788004204,1.0558662749204444,33.684268051910706
6204e2e19a79475adf9b68b0NE_blxzpTLeR9w99ZtP5Zg,16571.011915454343,1.148481432153493,43.409417428288855
620821d29a7947e9369af937Iz5_5PyQSjOPY7RbJpgXDA,13499.175387732648,1.200225941900606,40.58192264007164
627156c89a7947c14f85f497wFFF_LgrS4WMXXQvmDV_0Q,23851.911928268582,1.048683085381985,26.080622969657224
624aa4ca9a7947cdca2d9d3bD1OgBnleSZS0tkqTH7yeTA,21756.610676048673,1.1529347546734425,33.54481270828959
6250912b9a79476a43229b0cyirfqCVrT_SyI1xxx6kzMg,40662.85186377685,1.0536759942383196,33.93099452222092
627d1ab99a79472612167fd1m2hmKF7nRpWCXvsgP4i8-A,5700.21239161425,1.0653417396556706,40.79848240998423
62391fbb9a79479926b7a6acXOo8Ak8YThagU75xj32pgg,144618.0084410989,1.128601448520664,42.76030147361367
623b6eab9a794778840bdd3afUjUenBOTn6embmRSHkvfg,27526.970363474775,1.15592493311816,45.30904286192506
626c039f9a79470b8ff58c6dY1dzVVQ8SDKKXOwAuhosxw,60681.27242778323,1.0909949117935356,24.25015912633377
625ee7c09a794744cd31a2c4ZKQMF38HR0upwqOna7gBBQ,12579.292026166999,1.047717392235963,21.7071745771468
625557a09a79473a659291fbqrP2UWX8TDqEu5US-bZyIw,8408.760680998956,1.0733426585403396,33.7764353480183
6201bb5e9a79473a911d1350zP0yO7ZxQoyD2euA7ulhnQ,15693.385136265571,1.1550026941183245,50.718372663799364
61ff91079a794714c587369c0-6ZMaCHSqqOPz-BqZ7fcw,19795.362746906056,1.149362144858301,25.635818838891147
